Type,X,Y,Z,Time,TriggerPressed
RightHand,4.135664,1.085642,8.832663,0,0
LeftHand,3.878609,0.175,8.855194,0,0
RightHand,4.135561,1.085583,8.832721,0,0
LeftHand,3.87858,0.175,8.85518,0,0
RightHand,4.13554,1.085578,8.832696,0.02000427,0
LeftHand,3.878575,0.175,8.855178,0.02000427,0
RightHand,4.135508,1.085566,8.832655,0.03396606,0
LeftHand,3.878557,0.175,8.855168,0.03396606,0
RightHand,4.135494,1.085557,8.83265,0.04919434,0
LeftHand,3.878555,0.175,8.855168,0.04919434,0
RightHand,4.135492,1.085538,8.832644,0.06394196,0
LeftHand,3.87856,0.175,8.85517,0.06394196,0
RightHand,4.135483,1.085522,8.832607,0.07797241,0
LeftHand,3.878558,0.175,8.855169,0.07797241,0
RightHand,4.135482,1.085514,8.832578,0.09176636,0
LeftHand,3.87856,0.175,8.85517,0.09176636,0
RightHand,4.135478,1.085511,8.832541,0.1059723,0
LeftHand,3.878559,0.175,8.85517,0.1059723,0
RightHand,4.135475,1.085515,8.832498,0.119957,0
LeftHand,3.878561,0.175,8.85517,0.119957,0
RightHand,4.135481,1.085507,8.832459,0.1344147,0
LeftHand,3.878563,0.175,8.855172,0.1344147,0
RightHand,4.135495,1.0855,8.832422,0.1489792,0
LeftHand,3.878574,0.175,8.855177,0.1489792,0
RightHand,4.135506,1.085505,8.83238,0.162323,0
LeftHand,3.878582,0.175,8.855181,0.162323,0
RightHand,4.135522,1.08551,8.832299,0.1764755,0
LeftHand,3.87859,0.175,8.855185,0.1764755,0
RightHand,4.135547,1.085499,8.832233,0.190567,0
LeftHand,3.878596,0.175,8.855187,0.190567,0
RightHand,4.135572,1.085516,8.832187,0.2045593,0
LeftHand,3.8786,0.175,8.855189,0.2045593,0
RightHand,4.135595,1.085547,8.832156,0.2184372,0
LeftHand,3.878608,0.175,8.855193,0.2184372,0
RightHand,4.135604,1.085597,8.83211,0.2325821,0
LeftHand,3.878609,0.175,8.855193,0.2325821,0
RightHand,4.135596,1.08568,8.832096,0.2465973,0
LeftHand,3.878603,0.175,8.855191,0.2465973,0
RightHand,4.135579,1.085761,8.832127,0.2609329,0
LeftHand,3.878588,0.175,8.855184,0.2609329,0
RightHand,4.135564,1.085815,8.832178,0.2745056,0
LeftHand,3.878562,0.175,8.855171,0.2745056,0
RightHand,4.135546,1.085859,8.832211,0.2886047,0
LeftHand,3.878546,0.175,8.855164,0.2886047,0
RightHand,4.135509,1.085908,8.832204,0.3027191,0
LeftHand,3.878535,0.175,8.855159,0.3027191,0
RightHand,4.135463,1.085944,8.832166,0.3163834,0
LeftHand,3.878519,0.175,8.85515,0.3163834,0
RightHand,4.135419,1.085999,8.832124,0.3301315,0
LeftHand,3.878517,0.175,8.85515,0.3301315,0
RightHand,4.135358,1.086057,8.832121,0.3440552,0
LeftHand,3.878509,0.175,8.855146,0.3440552,0
RightHand,4.135308,1.086101,8.83214,0.3580856,0
LeftHand,3.878505,0.175,8.855145,0.3580856,0
RightHand,4.135282,1.086143,8.832169,0.3719711,0
LeftHand,3.878505,0.175,8.855145,0.3719711,0
RightHand,4.135268,1.086221,8.832225,0.3863297,0
LeftHand,3.878503,0.175,8.855144,0.3863297,0
RightHand,4.135249,1.086286,8.832263,0.400238,0
LeftHand,3.878493,0.175,8.855139,0.400238,0
RightHand,4.135237,1.086321,8.832291,0.4140244,0
LeftHand,3.87849,0.175,8.855137,0.4140244,0
RightHand,4.13522,1.086357,8.832319,0.4277802,0
LeftHand,3.878481,0.175,8.855133,0.4277802,0
RightHand,4.135202,1.086394,8.832371,0.4419174,0
LeftHand,3.878475,0.175,8.85513,0.4419174,0
RightHand,4.13516,1.086429,8.832424,0.4559326,0
LeftHand,3.87847,0.175,8.855127,0.4559326,0
RightHand,4.13512,1.086467,8.832438,0.469902,0
LeftHand,3.878469,0.175,8.855126,0.469902,0
RightHand,4.135085,1.086522,8.832409,0.4837875,0
LeftHand,3.87846,0.175,8.855123,0.4837875,0
RightHand,4.135068,1.086575,8.832391,0.4974365,0
LeftHand,3.878465,0.175,8.855125,0.4974365,0
RightHand,4.135053,1.086602,8.832386,0.5117111,0
LeftHand,3.878458,0.175,8.855122,0.5117111,0
RightHand,4.135049,1.086612,8.832395,0.5256348,0
LeftHand,3.878454,0.175,8.85512,0.5256348,0
RightHand,4.135052,1.086628,8.832408,0.5394592,0
LeftHand,3.878459,0.175,8.855123,0.5394592,0
RightHand,4.135032,1.086648,8.832423,0.5535965,0
LeftHand,3.87846,0.175,8.855123,0.5535965,0
RightHand,4.135014,1.086679,8.832458,0.5677948,0
LeftHand,3.87846,0.175,8.855123,0.5677948,0
RightHand,4.13502,1.086711,8.832505,0.5813217,0
LeftHand,3.878461,0.175,8.855124,0.5813217,0
RightHand,4.135031,1.086736,8.832564,0.5951614,0
LeftHand,3.87846,0.175,8.855123,0.5951614,0
RightHand,4.135043,1.086756,8.832621,0.6093216,0
LeftHand,3.878462,0.175,8.855124,0.6093216,0
RightHand,4.135041,1.086771,8.832661,0.6232529,0
LeftHand,3.878455,0.175,8.855121,0.6232529,0
RightHand,4.135043,1.086787,8.832725,0.6369934,0
LeftHand,3.878457,0.175,8.855122,0.6369934,0
RightHand,4.135026,1.086799,8.832792,0.6510696,0
LeftHand,3.878452,0.175,8.855119,0.6510696,0
RightHand,4.135,1.086831,8.832906,0.6649017,0
LeftHand,3.878448,0.175,8.855117,0.6649017,0
RightHand,4.135004,1.086859,8.832979,0.6789322,0
LeftHand,3.878456,0.175,8.855121,0.6789322,0
RightHand,4.135001,1.086892,8.83307,0.6933212,0
LeftHand,3.878455,0.175,8.855121,0.6933212,0
RightHand,4.135014,1.086908,8.833137,0.7071686,0
LeftHand,3.878466,0.175,8.855125,0.7071686,0
RightHand,4.135028,1.086926,8.833226,0.7207184,0
LeftHand,3.878471,0.175,8.855128,0.7207184,0
RightHand,4.135056,1.086955,8.833317,0.7347183,0
LeftHand,3.878482,0.175,8.855133,0.7347183,0
RightHand,4.13509,1.086981,8.833406,0.7489471,0
LeftHand,3.878491,0.175,8.855138,0.7489471,0
RightHand,4.135114,1.086996,8.833471,0.7630463,0
LeftHand,3.878504,0.175,8.855144,0.7630463,0
RightHand,4.135165,1.087036,8.83354,0.7767258,0
LeftHand,3.878522,0.175,8.855152,0.7767258,0
RightHand,4.135226,1.087103,8.833588,0.7905197,0
LeftHand,3.878534,0.175,8.855158,0.7905197,0
RightHand,4.135277,1.087206,8.833649,0.80439,0
LeftHand,3.878537,0.175,8.85516,0.80439,0
RightHand,4.135315,1.087275,8.833681,0.8183517,0
LeftHand,3.878558,0.175,8.855169,0.8183517,0
RightHand,4.135345,1.087372,8.833711,0.8324127,0
LeftHand,3.878574,0.175,8.855177,0.8324127,0
RightHand,4.135387,1.087481,8.83376,0.8465195,0
LeftHand,3.878608,0.175,8.855193,0.8465195,0
RightHand,4.135439,1.087663,8.833818,0.8601913,0
LeftHand,3.878668,0.175,8.855222,0.8601913,0
RightHand,4.135498,1.087872,8.833882,0.8742371,0
LeftHand,3.878727,0.175,8.855249,0.8742371,0
RightHand,4.135584,1.088186,8.834029,0.8886108,0
LeftHand,3.878791,0.175,8.855279,0.8886108,0
RightHand,4.135705,1.08853,8.83427,0.9024658,0
LeftHand,3.878861,0.175,8.855311,0.9024658,0
RightHand,4.135824,1.089036,8.8344,0.9160385,0
LeftHand,3.878943,0.175,8.85535,0.9160385,0
RightHand,4.13597,1.089492,8.834385,0.9297867,0
LeftHand,3.879031,0.175,8.855391,0.9297867,0
RightHand,4.136067,1.089864,8.83421,0.9437027,0
LeftHand,3.879103,0.175,8.855424,0.9437027,0
RightHand,4.136146,1.090144,8.833628,0.9578094,0
LeftHand,3.879166,0.175,8.855453,0.9578094,0
RightHand,4.136435,1.089605,8.832397,0.971611,0
LeftHand,3.879241,0.175,8.855488,0.971611,0
RightHand,4.136734,1.088636,8.830604,0.9857712,0
LeftHand,3.87937,0.175,8.855546,0.9857712,0
RightHand,4.136976,1.087411,8.828478,0.9998627,0
LeftHand,3.879492,0.175,8.855601,0.9998627,0
RightHand,4.137118,1.086219,8.826112,1.013634,0
LeftHand,3.879616,0.175,8.855657,1.013634,0
RightHand,4.137184,1.08512,8.823582,1.027931,0
LeftHand,3.879749,0.175,8.855716,1.027931,0
RightHand,4.137219,1.084227,8.821087,1.041435,0
LeftHand,3.879916,0.175,8.855789,1.041435,0
RightHand,4.137231,1.083547,8.8187,1.055466,0
LeftHand,3.8801,0.175,8.855869,1.055466,0
RightHand,4.137199,1.082577,8.815075,1.069855,0
LeftHand,3.880338,0.175,8.855972,1.069855,0
RightHand,4.137331,1.081853,8.812634,1.083702,0
LeftHand,3.880568,0.175,8.85607,1.083702,0
RightHand,4.137398,1.080402,8.809052,1.097328,0
LeftHand,3.880831,0.175,8.85618,1.097328,0
RightHand,4.137534,1.078889,8.805917,1.111275,0
LeftHand,3.88108,0.175,8.856282,1.111275,0
RightHand,4.137759,1.077273,8.803041,1.124962,0
LeftHand,3.881367,0.175,8.856399,1.124962,0
RightHand,4.138099,1.075501,8.800653,1.138962,0
LeftHand,3.881654,0.175,8.856513,1.138962,0
RightHand,4.138592,1.073856,8.799002,1.152946,0
LeftHand,3.881978,0.175,8.85664,1.152946,0
RightHand,4.139196,1.072494,8.797894,1.166855,0
LeftHand,3.882277,0.175,8.856754,1.166855,0
RightHand,4.140066,1.071247,8.797028,1.180756,0
LeftHand,3.882639,0.175,8.85689,1.180756,0
RightHand,4.140287,1.070006,8.79608,1.194733,0
LeftHand,3.882972,0.175,8.857012,1.194733,0
RightHand,4.140321,1.068246,8.794972,1.208961,0
LeftHand,3.883312,0.175,8.857133,1.208961,0
RightHand,4.140378,1.066893,8.794435,1.222862,0
LeftHand,3.883663,0.175,8.857256,1.222862,0
RightHand,4.140363,1.06567,8.794027,1.236534,0
LeftHand,3.883977,0.175,8.857364,1.236534,0
RightHand,4.14053,1.06457,8.793714,1.25045,0
LeftHand,3.884341,0.175,8.857485,1.25045,0
RightHand,4.140971,1.064007,8.793335,1.264473,0
LeftHand,3.884707,0.175,8.857604,1.264473,0
RightHand,4.142258,1.064317,8.79312,1.27861,0
LeftHand,3.885085,0.175,8.857724,1.27861,0
RightHand,4.144855,1.065371,8.793283,1.29229,0
LeftHand,3.885426,0.175,8.857829,1.29229,0
RightHand,4.147374,1.066592,8.793888,1.306404,0
LeftHand,3.885753,0.175,8.857927,1.306404,0
RightHand,4.148416,1.067796,8.794639,1.320518,0
LeftHand,3.886092,0.175,8.858027,1.320518,0
RightHand,4.149864,1.069279,8.796054,1.334282,0
LeftHand,3.8864,0.175,8.858115,1.334282,0
RightHand,4.151265,1.070877,8.797437,1.348511,0
LeftHand,3.88676,0.175,8.858215,1.348511,0
RightHand,4.152218,1.073153,8.798743,1.362183,0
LeftHand,3.88706,0.175,8.858297,1.362183,0
RightHand,4.153262,1.077456,8.800289,1.376122,0
LeftHand,3.887355,0.175,8.858375,1.376122,0
RightHand,4.153863,1.08164,8.80147,1.389786,0
LeftHand,3.887619,0.175,8.858443,1.389786,0
RightHand,4.152869,1.087744,8.802454,1.403938,0
LeftHand,3.887842,0.175,8.8585,1.403938,0
RightHand,4.151972,1.092776,8.803119,1.417984,0
LeftHand,3.888057,0.175,8.858553,1.417984,0
RightHand,4.150704,1.098662,8.80348,1.431641,0
LeftHand,3.888221,0.175,8.858593,1.431641,0
RightHand,4.149112,1.104901,8.803838,1.446175,0
LeftHand,3.888389,0.175,8.858633,1.446175,0
RightHand,4.147168,1.111661,8.804327,1.459763,0
LeftHand,3.888566,0.175,8.858676,1.459763,0
RightHand,4.144746,1.119187,8.805082,1.473907,0
LeftHand,3.888711,0.175,8.858709,1.473907,0
RightHand,4.141937,1.127387,8.806247,1.488098,0
LeftHand,3.888865,0.175,8.858745,1.488098,0
RightHand,4.138498,1.136471,8.807757,1.50164,0
LeftHand,3.889012,0.175,8.858778,1.50164,0
RightHand,4.134358,1.146432,8.810138,1.515747,0
LeftHand,3.889181,0.175,8.858816,1.515747,0
RightHand,4.129648,1.156858,8.813807,1.529465,0
LeftHand,3.889329,0.175,8.858849,1.529465,0
RightHand,4.124305,1.167631,8.819186,1.543137,0
LeftHand,3.889457,0.175,8.858876,1.543137,0
RightHand,4.118608,1.178317,8.826233,1.557037,0
LeftHand,3.889549,0.175,8.858896,1.557037,0
RightHand,4.112233,1.188951,8.834571,1.571304,0
LeftHand,3.889633,0.175,8.858913,1.571304,0
RightHand,4.105072,1.199397,8.843879,1.585266,0
LeftHand,3.889714,0.175,8.858931,1.585266,0
RightHand,4.098091,1.208078,8.852623,1.598976,0
LeftHand,3.889812,0.175,8.858952,1.598976,0
RightHand,4.088929,1.218566,8.863917,1.613419,0
LeftHand,3.889888,0.175,8.858967,1.613419,0
RightHand,4.081069,1.225874,8.872933,1.627045,0
LeftHand,3.88995,0.175,8.85898,1.627045,0
RightHand,4.070404,1.235297,8.885427,1.641006,0
LeftHand,3.889978,0.175,8.858986,1.641006,0
RightHand,4.060523,1.243358,8.886999,1.655128,0
LeftHand,3.890016,0.175,8.858994,1.655128,0
RightHand,4.051663,1.248445,8.896263,1.668831,0
LeftHand,3.890059,0.175,8.859002,1.668831,0
RightHand,4.041578,1.253553,8.906658,1.682747,0
LeftHand,3.890096,0.175,8.85901,1.682747,0
RightHand,4.031568,1.257451,8.917133,1.696938,0
LeftHand,3.890111,0.175,8.859013,1.696938,0
RightHand,4.021427,1.260179,8.927818,1.710793,0
LeftHand,3.890141,0.175,8.859018,1.710793,0
RightHand,4.016135,1.290075,8.975639,1.725304,0
LeftHand,3.890188,0.175,8.859028,1.725304,0
RightHand,4.01613,1.297633,8.987705,1.73867,0
LeftHand,3.890246,0.175,8.859039,1.73867,0
RightHand,4.016817,1.305976,8.999402,1.752991,0
LeftHand,3.890307,0.175,8.859052,1.752991,0
RightHand,4.017783,1.315439,9.011087,1.766563,0
LeftHand,3.890368,0.175,8.859064,1.766563,0
RightHand,4.017577,1.323159,9.021924,1.780609,0
LeftHand,3.890419,0.175,8.859074,1.780609,0
RightHand,4.017669,1.33055,9.033803,1.794495,0
LeftHand,3.890469,0.175,8.859083,1.794495,0
RightHand,4.018287,1.337135,9.046037,1.808212,0
LeftHand,3.890549,0.175,8.859099,1.808212,0
RightHand,4.018945,1.343091,9.058506,1.82238,0
LeftHand,3.890663,0.175,8.85912,1.82238,0
RightHand,4.019704,1.348825,9.070444,1.836014,0
LeftHand,3.890764,0.175,8.859139,1.836014,0
RightHand,4.020411,1.354494,9.081758,1.850067,0
LeftHand,3.890836,0.175,8.859154,1.850067,0
RightHand,4.021358,1.360314,9.092241,1.864029,0
LeftHand,3.890925,0.175,8.85917,1.864029,0
RightHand,4.022611,1.366543,9.101686,1.877861,0
LeftHand,3.891019,0.175,8.859187,1.877861,0
RightHand,4.023852,1.372936,9.110448,1.891914,0
LeftHand,3.891133,0.175,8.859208,1.891914,0
RightHand,4.027428,1.3784,9.119764,1.905998,0
LeftHand,3.891251,0.175,8.859229,1.905998,0
RightHand,4.0281,1.383962,9.129035,1.920029,0
LeftHand,3.891351,0.175,8.859246,1.920029,0
RightHand,4.031833,1.389169,9.138675,1.933777,0
LeftHand,3.891454,0.175,8.859264,1.933777,0
RightHand,4.036995,1.393974,9.148223,1.948044,0
LeftHand,3.89153,0.175,8.859278,1.948044,0
RightHand,4.041193,1.399546,9.15796,1.961609,0
LeftHand,3.891585,0.175,8.859287,1.961609,0
RightHand,4.044268,1.401203,9.165223,1.975365,0
LeftHand,3.891629,0.175,8.859295,1.975365,0
RightHand,4.046207,1.40169,9.170741,1.989349,0
LeftHand,3.89167,0.175,8.859302,1.989349,0
RightHand,4.046156,1.401047,9.174318,2.003387,0
LeftHand,3.891696,0.175,8.859306,2.003387,0
RightHand,4.046113,1.399074,9.177386,2.017464,0
LeftHand,3.891697,0.175,8.859306,2.017464,0
RightHand,4.045465,1.396541,9.180569,2.031349,0
LeftHand,3.891732,0.175,8.859312,2.031349,0
RightHand,4.044695,1.393897,9.183567,2.04509,0
LeftHand,3.891769,0.175,8.859318,2.04509,0
RightHand,4.043475,1.390717,9.186533,2.059334,0
LeftHand,3.891761,0.175,8.859317,2.059334,0
RightHand,4.042341,1.387251,9.189475,2.07328,0
LeftHand,3.89173,0.175,8.859312,2.07328,0
RightHand,4.041053,1.38343,9.19243,2.086884,0
LeftHand,3.89172,0.175,8.85931,2.086884,0
RightHand,4.039621,1.379696,9.195146,2.100883,0
LeftHand,3.891706,0.175,8.859307,2.100883,0
RightHand,4.039274,1.37556,9.197775,2.1147,0
LeftHand,3.891688,0.175,8.859304,2.1147,0
RightHand,4.041153,1.372474,9.200191,2.12896,0
LeftHand,3.891659,0.175,8.8593,2.12896,0
RightHand,4.043625,1.369618,9.20219,2.142609,0
LeftHand,3.891627,0.175,8.859294,2.142609,0
RightHand,4.045355,1.367224,9.203708,2.15696,0
LeftHand,3.891597,0.175,8.859289,2.15696,0
RightHand,4.046766,1.365078,9.204977,2.171089,0
LeftHand,3.891547,0.175,8.859281,2.171089,0
RightHand,4.047735,1.363249,9.205888,2.184753,0
LeftHand,3.891493,0.175,8.859271,2.184753,0
RightHand,4.047689,1.36125,9.206219,2.198341,0
LeftHand,3.89144,0.175,8.859262,2.198341,0
RightHand,4.047639,1.358953,9.206758,2.21228,0
LeftHand,3.891368,0.175,8.85925,2.21228,0
RightHand,4.0497,1.356979,9.207764,2.226288,0
LeftHand,3.891307,0.175,8.859239,2.226288,0
RightHand,4.055554,1.355769,9.209011,2.240105,0
LeftHand,3.891232,0.175,8.859225,2.240105,0
RightHand,4.060495,1.354747,9.209994,2.254158,0
LeftHand,3.891145,0.175,8.85921,2.254158,0
RightHand,4.064185,1.353901,9.210769,2.268219,0
LeftHand,3.891046,0.175,8.859192,2.268219,0
RightHand,4.065458,1.352739,9.211677,2.282066,0
LeftHand,3.890942,0.175,8.859173,2.282066,0
RightHand,4.065173,1.351343,9.212937,2.296799,0
LeftHand,3.890863,0.175,8.859159,2.296799,0
RightHand,4.065536,1.349969,9.21461,2.309898,0
LeftHand,3.890797,0.175,8.859146,2.309898,0
RightHand,4.06661,1.349056,9.216198,2.323547,0
LeftHand,3.890728,0.175,8.859133,2.323547,0
RightHand,4.06803,1.348274,9.217617,2.337471,0
LeftHand,3.890666,0.175,8.859121,2.337471,0
RightHand,4.069499,1.34781,9.218604,2.351486,0
LeftHand,3.890625,0.175,8.859114,2.351486,0
RightHand,4.070531,1.347517,9.219179,2.365669,0
LeftHand,3.8906,0.175,8.859109,2.365669,0
RightHand,4.070723,1.34707,9.219632,2.379898,0
LeftHand,3.890599,0.175,8.859109,2.379898,0
RightHand,4.069759,1.34673,9.219694,2.393417,0
LeftHand,3.890596,0.175,8.859108,2.393417,0
RightHand,4.068101,1.346359,9.219268,2.407471,0
LeftHand,3.890631,0.175,8.859115,2.407471,0
RightHand,4.065062,1.346124,9.217934,2.421158,0
LeftHand,3.890683,0.175,8.859124,2.421158,0
RightHand,4.061971,1.345765,9.216151,2.435478,0
LeftHand,3.890733,0.175,8.859134,2.435478,0
RightHand,4.060341,1.346323,9.214224,2.449326,0
LeftHand,3.890787,0.175,8.859144,2.449326,0
RightHand,4.061292,1.345901,9.213368,2.46315,0
LeftHand,3.890849,0.175,8.859156,2.46315,0
RightHand,4.061831,1.345911,9.212531,2.476891,0
LeftHand,3.890879,0.175,8.859161,2.476891,0
RightHand,4.061872,1.346686,9.211883,2.490753,0
LeftHand,3.890916,0.175,8.859168,2.490753,0
RightHand,4.062657,1.347414,9.211401,2.504883,0
LeftHand,3.89093,0.175,8.859171,2.504883,0
RightHand,4.061952,1.347737,9.210724,2.518631,0
LeftHand,3.890945,0.175,8.859174,2.518631,0
RightHand,4.060513,1.347817,9.209986,2.532501,0
LeftHand,3.890973,0.175,8.859179,2.532501,0
RightHand,4.058297,1.347533,9.209942,2.547806,0
LeftHand,3.890987,0.175,8.859181,2.547806,0
RightHand,4.056304,1.346802,9.210396,2.560722,0
LeftHand,3.890985,0.175,8.859181,2.560722,0
RightHand,4.05562,1.346497,9.210939,2.574608,0
LeftHand,3.89098,0.175,8.85918,2.574608,0
RightHand,4.058109,1.347192,9.212089,2.588654,0
LeftHand,3.89099,0.175,8.859181,2.588654,0
RightHand,4.05746,1.347683,9.212729,2.602348,0
LeftHand,3.890982,0.175,8.85918,2.602348,0
RightHand,4.058247,1.347993,9.213928,2.616203,0
LeftHand,3.890982,0.175,8.85918,2.616203,0
RightHand,4.057909,1.347936,9.215073,2.629929,0
LeftHand,3.890968,0.175,8.859178,2.629929,0
RightHand,4.057193,1.347721,9.215804,2.644135,0
LeftHand,3.890956,0.175,8.859176,2.644135,0
RightHand,4.056493,1.347598,9.21693,2.658112,0
LeftHand,3.890961,0.175,8.859177,2.658112,0
RightHand,4.056637,1.347669,9.218399,2.671677,0
LeftHand,3.890975,0.175,8.859179,2.671677,0
RightHand,4.057286,1.347904,9.219468,2.685867,0
LeftHand,3.890991,0.175,8.859182,2.685867,0
RightHand,4.05847,1.348382,9.220352,2.699844,0
LeftHand,3.891012,0.175,8.859186,2.699844,0
RightHand,4.05942,1.348727,9.221126,2.713745,0
LeftHand,3.891026,0.175,8.859188,2.713745,0
RightHand,4.059376,1.348727,9.221667,2.727432,0
LeftHand,3.891043,0.175,8.859192,2.727432,0
RightHand,4.058451,1.348795,9.221716,2.741959,0
LeftHand,3.891052,0.175,8.859194,2.741959,0
RightHand,4.057837,1.348902,9.221272,2.756081,0
LeftHand,3.891066,0.175,8.859196,2.756081,0
RightHand,4.058112,1.349133,9.221375,2.769302,0
LeftHand,3.891058,0.175,8.859194,2.769302,0
RightHand,4.059366,1.349227,9.222166,2.783211,0
LeftHand,3.891036,0.175,8.85919,2.783211,0
RightHand,4.060327,1.349397,9.222375,2.797104,0
LeftHand,3.89103,0.175,8.859189,2.797104,0
RightHand,4.060047,1.349499,9.222239,2.81086,0
LeftHand,3.89102,0.175,8.859187,2.81086,0
RightHand,4.059052,1.349414,9.221688,2.82476,0
LeftHand,3.891031,0.175,8.859189,2.82476,0
RightHand,4.058083,1.349408,9.221295,2.839279,0
LeftHand,3.891048,0.175,8.859193,2.839279,0
RightHand,4.057694,1.349506,9.221025,2.852928,0
LeftHand,3.891055,0.175,8.859194,2.852928,0
RightHand,4.057623,1.349648,9.220876,2.866959,0
LeftHand,3.89106,0.175,8.859195,2.866959,0
RightHand,4.05753,1.349701,9.22083,2.880722,0
LeftHand,3.891054,0.175,8.859194,2.880722,0
RightHand,4.057128,1.349754,9.220664,2.894592,0
LeftHand,3.891048,0.175,8.859193,2.894592,0
RightHand,4.056493,1.349827,9.220411,2.908379,0
LeftHand,3.891033,0.175,8.85919,2.908379,0
RightHand,4.055816,1.349912,9.220048,2.922852,0
LeftHand,3.891046,0.175,8.859192,2.922852,0
RightHand,4.055767,1.350046,9.219851,2.936462,0
LeftHand,3.89107,0.175,8.859197,2.936462,0
RightHand,4.055854,1.350216,9.219678,2.950317,0
LeftHand,3.891085,0.175,8.8592,2.950317,0
RightHand,4.05572,1.350479,9.2194,2.963905,0
LeftHand,3.891074,0.175,8.859198,2.963905,0
RightHand,4.055278,1.35069,9.219097,2.978371,0
LeftHand,3.891067,0.175,8.859196,2.978371,0
RightHand,4.054739,1.350716,9.218683,2.99234,0
LeftHand,3.891066,0.175,8.859196,2.99234,0
RightHand,4.054193,1.350493,9.21839,3.005913,0
LeftHand,3.891079,0.175,8.859198,3.005913,0
RightHand,4.053994,1.350291,9.218234,3.01976,0
LeftHand,3.89109,0.175,8.8592,3.01976,0
RightHand,4.054161,1.350292,9.218173,3.033699,0
LeftHand,3.89109,0.175,8.8592,3.033699,0
RightHand,4.054047,1.350315,9.217958,3.047836,0
LeftHand,3.891098,0.175,8.859201,3.047836,0
RightHand,4.053791,1.350231,9.217761,3.06189,0
LeftHand,3.891086,0.175,8.8592,3.06189,0
RightHand,4.053096,1.34991,9.217563,3.075661,0
LeftHand,3.891088,0.175,8.8592,3.075661,0
RightHand,4.052454,1.349463,9.217454,3.089653,0
LeftHand,3.891078,0.175,8.859198,3.089653,0
RightHand,4.052366,1.349058,9.217535,3.103394,0
LeftHand,3.891074,0.175,8.859198,3.103394,0
RightHand,4.052521,1.348761,9.217683,3.117172,0
LeftHand,3.891049,0.175,8.859193,3.117172,0
RightHand,4.052702,1.348584,9.217868,3.131111,0
LeftHand,3.891016,0.175,8.859187,3.131111,0
RightHand,4.052652,1.348513,9.217916,3.145317,0
LeftHand,3.890996,0.175,8.859183,3.145317,0
RightHand,4.052191,1.347641,9.218376,3.158974,0
LeftHand,3.890971,0.175,8.859179,3.158974,0
RightHand,4.051404,1.346523,9.218889,3.173058,0
LeftHand,3.890962,0.175,8.859177,3.173058,0
RightHand,4.051459,1.346435,9.218856,3.187035,0
LeftHand,3.890961,0.175,8.859177,3.187035,0
RightHand,4.051677,1.346405,9.218788,3.201111,0
LeftHand,3.890956,0.175,8.859176,3.201111,0
RightHand,4.051682,1.346248,9.21882,3.214813,0
LeftHand,3.890935,0.175,8.859172,3.214813,0
RightHand,4.051529,1.345916,9.219028,3.228729,0
LeftHand,3.890921,0.175,8.859169,3.228729,0
RightHand,4.051145,1.345275,9.219382,3.242767,0
LeftHand,3.89091,0.175,8.859167,3.242767,0
RightHand,4.050809,1.344903,9.21954,3.256638,0
LeftHand,3.890898,0.175,8.859165,3.256638,0
RightHand,4.05071,1.344875,9.219538,3.270706,0
LeftHand,3.890893,0.175,8.859164,3.270706,0
RightHand,4.050631,1.344744,9.219598,3.284554,0
LeftHand,3.890903,0.175,8.859166,3.284554,0
RightHand,4.05057,1.344655,9.219644,3.298569,0
LeftHand,3.890918,0.175,8.859169,3.298569,0
RightHand,4.05036,1.344539,9.219679,3.312454,0
LeftHand,3.890936,0.175,8.859172,3.312454,0
RightHand,4.049956,1.344218,9.219771,3.32663,0
LeftHand,3.890954,0.175,8.859176,3.32663,0
RightHand,4.049713,1.344171,9.219699,3.340271,0
LeftHand,3.890988,0.175,8.859181,3.340271,0
RightHand,4.049616,1.344189,9.219687,3.354111,0
LeftHand,3.890995,0.175,8.859182,3.354111,0
RightHand,4.049504,1.34418,9.219736,3.368446,0
LeftHand,3.891002,0.175,8.859184,3.368446,0
RightHand,4.049215,1.344195,9.219642,3.382027,0
LeftHand,3.891006,0.175,8.859185,3.382027,0
RightHand,4.048804,1.344265,9.219383,3.396393,0
LeftHand,3.891013,0.175,8.859186,3.396393,0
RightHand,4.048289,1.344411,9.219029,3.40979,0
LeftHand,3.891021,0.175,8.859187,3.40979,0
RightHand,4.047975,1.344485,9.218786,3.423729,0
LeftHand,3.891036,0.175,8.85919,3.423729,0
RightHand,4.048007,1.344469,9.218765,3.437828,0
LeftHand,3.891042,0.175,8.859192,3.437828,0
RightHand,4.047988,1.344517,9.2187,3.45211,0
LeftHand,3.891051,0.175,8.859193,3.45211,0
RightHand,4.047686,1.344662,9.218464,3.465561,0
LeftHand,3.891067,0.175,8.859196,3.465561,0
RightHand,4.04717,1.344867,9.218153,3.479454,0
LeftHand,3.891082,0.175,8.859199,3.479454,0
RightHand,4.046946,1.344887,9.218099,3.493851,0
LeftHand,3.891092,0.175,8.8592,3.493851,0
RightHand,4.046738,1.344861,9.218111,3.507423,0
LeftHand,3.891097,0.175,8.859201,3.507423,0
RightHand,4.046629,1.344859,9.218146,3.521332,0
LeftHand,3.891107,0.175,8.859203,3.521332,0
RightHand,4.04648,1.344853,9.218202,3.534988,0
LeftHand,3.891111,0.175,8.859204,3.534988,0
RightHand,4.04636,1.34487,9.218284,3.549026,0
LeftHand,3.891111,0.175,8.859204,3.549026,0
RightHand,4.046259,1.344942,9.218378,3.563156,0
LeftHand,3.891122,0.175,8.859206,3.563156,0
RightHand,4.046079,1.345045,9.218378,3.576782,0
LeftHand,3.891123,0.175,8.859206,3.576782,0
RightHand,4.045944,1.345081,9.218342,3.590775,0
LeftHand,3.891126,0.175,8.859206,3.590775,0
RightHand,4.045954,1.345082,9.218327,3.604889,1
LeftHand,3.891124,0.175,8.859206,3.604889,0
RightHand,4.045901,1.34513,9.218354,3.618988,1
LeftHand,3.891101,0.175,8.859202,3.618988,0
RightHand,4.045882,1.345197,9.218404,3.632652,1
LeftHand,3.891081,0.175,8.859199,3.632652,0
RightHand,4.045901,1.345292,9.21839,3.64679,1
LeftHand,3.891074,0.175,8.859198,3.64679,0
RightHand,4.045807,1.345477,9.218295,3.660728,1
LeftHand,3.891052,0.175,8.859193,3.660728,0
RightHand,4.045717,1.34564,9.218189,3.674828,1
LeftHand,3.891035,0.175,8.85919,3.674828,0
RightHand,4.045702,1.34567,9.218165,3.688774,1
LeftHand,3.891012,0.175,8.859186,3.688774,0
RightHand,4.045736,1.345597,9.218223,3.702171,1
LeftHand,3.890971,0.175,8.859179,3.702171,0
RightHand,4.045794,1.345593,9.218234,3.716103,1
LeftHand,3.890934,0.175,8.859172,3.716103,0
RightHand,4.045827,1.345623,9.21822,3.73011,1
LeftHand,3.8909,0.175,8.859165,3.73011,0
RightHand,4.045861,1.345676,9.218165,3.744141,1
LeftHand,3.890876,0.175,8.85916,3.744141,0
RightHand,4.045805,1.345672,9.218119,3.758369,1
LeftHand,3.890842,0.175,8.859155,3.758369,0
RightHand,4.045791,1.345651,9.218118,3.772278,1
LeftHand,3.890815,0.175,8.859149,3.772278,0
RightHand,4.045893,1.345618,9.218103,3.786049,1
LeftHand,3.890798,0.175,8.859146,3.786049,0
RightHand,4.046117,1.345545,9.218118,3.800331,1
LeftHand,3.890773,0.175,8.859141,3.800331,0
RightHand,4.04618,1.345546,9.218092,3.81398,1
LeftHand,3.89074,0.175,8.859136,3.81398,0
RightHand,4.04624,1.345567,9.218102,3.827797,1
LeftHand,3.89069,0.175,8.859126,3.827797,0
RightHand,4.046329,1.345556,9.21814,3.84166,1
LeftHand,3.890634,0.175,8.859116,3.84166,0
RightHand,4.046434,1.345467,9.218229,3.85569,1
LeftHand,3.890574,0.175,8.859104,3.85569,0
RightHand,4.046611,1.345318,9.218368,3.869934,1
LeftHand,3.890522,0.175,8.859094,3.869934,0
RightHand,4.0468,1.345205,9.218482,3.883293,1
LeftHand,3.890477,0.175,8.859085,3.883293,0
RightHand,4.046998,1.344985,9.218657,3.897324,1
LeftHand,3.890407,0.175,8.859072,3.897324,0
RightHand,4.046935,1.344908,9.218687,3.911118,1
LeftHand,3.8903,0.175,8.859051,3.911118,0
RightHand,4.046853,1.344766,9.218747,3.925072,1
LeftHand,3.890102,0.175,8.859011,3.925072,0
RightHand,4.046739,1.34463,9.21879,3.939034,1
LeftHand,3.889809,0.175,8.858951,3.939034,0
RightHand,4.046599,1.344486,9.218851,3.953224,1
LeftHand,3.889464,0.175,8.858877,3.953224,0
RightHand,4.046417,1.344288,9.218946,3.967964,1
LeftHand,3.889033,0.175,8.858783,3.967964,0
RightHand,4.046114,1.344211,9.218928,3.981461,1
LeftHand,3.88859,0.175,8.858681,3.981461,0
RightHand,4.045765,1.344103,9.21889,3.994713,1
LeftHand,3.888053,0.175,8.858552,3.994713,0
RightHand,4.045211,1.34401,9.218787,4.009071,1
LeftHand,3.887395,0.175,8.858385,4.009071,0
RightHand,4.044618,1.343903,9.218659,4.02269,1
LeftHand,3.88673,0.175,8.858208,4.02269,0
RightHand,4.044065,1.343706,9.218581,4.036583,1
LeftHand,3.886006,0.175,8.858003,4.036583,0
RightHand,4.0435,1.343553,9.218471,4.051559,1
LeftHand,3.885273,0.175,8.857782,4.051559,0
RightHand,4.0429,1.34346,9.21833,4.064682,1
LeftHand,3.884507,0.175,8.857539,4.064682,0
RightHand,4.042198,1.343363,9.218147,4.07859,1
LeftHand,3.883698,0.175,8.857268,4.07859,0
RightHand,4.041368,1.343182,9.217828,4.092567,1
LeftHand,3.882859,0.175,8.856971,4.092567,0
RightHand,4.040573,1.342967,9.21751,4.106438,1
LeftHand,3.88202,0.175,8.856656,4.106438,0
RightHand,4.039796,1.342607,9.217156,4.120575,1
LeftHand,3.881182,0.175,8.856324,4.120575,0
RightHand,4.039079,1.342366,9.216761,4.134193,1
LeftHand,3.880394,0.175,8.855996,4.134193,0
RightHand,4.038351,1.342116,9.216309,4.148308,1
LeftHand,3.879611,0.175,8.855655,4.148308,0
RightHand,4.037829,1.341887,9.215915,4.161659,1
LeftHand,3.878877,0.175,8.855319,4.161659,0
RightHand,4.037199,1.341763,9.215515,4.175598,1
LeftHand,3.87818,0.175,8.854988,4.175598,0
RightHand,4.036594,1.341596,9.215158,4.189629,1
LeftHand,3.87754,0.175,8.854672,4.189629,0
RightHand,4.036059,1.341445,9.214864,4.204018,1
LeftHand,3.87697,0.175,8.854381,4.204018,0
RightHand,4.03554,1.341305,9.214594,4.21785,1
LeftHand,3.876404,0.175,8.854082,4.21785,0
RightHand,4.035124,1.34101,9.214458,4.231674,1
LeftHand,3.875862,0.175,8.853788,4.231674,0
RightHand,4.034822,1.340785,9.214345,4.245438,1
LeftHand,3.875394,0.175,8.853527,4.245438,0
RightHand,4.034605,1.340643,9.214222,4.259377,1
LeftHand,3.875005,0.175,8.853304,4.259377,0
RightHand,4.034336,1.340529,9.214101,4.273224,1
LeftHand,3.87465,0.175,8.853098,4.273224,0
RightHand,4.034087,1.34043,9.213974,4.287361,1
LeftHand,3.874285,0.175,8.852881,4.287361,0
RightHand,4.033898,1.340333,9.213849,4.30117,1
LeftHand,3.873949,0.175,8.852677,4.30117,0
RightHand,4.033915,1.340158,9.213819,4.314934,1
LeftHand,3.873685,0.175,8.852515,4.314934,0
RightHand,4.033916,1.340052,9.213749,4.32901,1
LeftHand,3.873493,0.175,8.852396,4.32901,0
RightHand,4.03382,1.340048,9.213677,4.343422,1
LeftHand,3.873374,0.175,8.852321,4.343422,0
RightHand,4.033902,1.34,9.213704,4.356972,1
LeftHand,3.873294,0.175,8.852271,4.356972,0
RightHand,4.034131,1.339967,9.213778,4.370689,1
LeftHand,3.873296,0.175,8.852272,4.370689,0
RightHand,4.034421,1.339945,9.21384,4.384521,1
LeftHand,3.873314,0.175,8.852283,4.384521,0
RightHand,4.034823,1.339875,9.214003,4.398567,1
LeftHand,3.873402,0.175,8.852339,4.398567,0
RightHand,4.035356,1.33988,9.214164,4.412399,1
LeftHand,3.873569,0.175,8.852443,4.412399,0
RightHand,4.035825,1.339908,9.214342,4.426468,1
LeftHand,3.873812,0.175,8.852593,4.426468,0
RightHand,4.036376,1.339992,9.214474,4.440567,1
LeftHand,3.874074,0.175,8.852754,4.440567,0
RightHand,4.036771,1.340026,9.214611,4.45443,1
LeftHand,3.874341,0.175,8.852914,4.45443,0
RightHand,4.037306,1.340003,9.214792,4.468468,1
LeftHand,3.874664,0.175,8.853106,4.468468,0
RightHand,4.037965,1.340011,9.214972,4.482002,1
LeftHand,3.875014,0.175,8.85331,4.482002,0
RightHand,4.039153,1.340088,9.21519,4.495895,1
LeftHand,3.875502,0.175,8.853588,4.495895,0
RightHand,4.040072,1.340137,9.21542,4.509865,1
LeftHand,3.875979,0.175,8.853852,4.509865,0
RightHand,4.04082,1.340163,9.2157,4.523788,1
LeftHand,3.876482,0.175,8.854124,4.523788,0
RightHand,4.04143,1.340139,9.215964,4.537903,1
LeftHand,3.876934,0.175,8.854362,4.537903,0
RightHand,4.042296,1.340083,9.216182,4.551743,1
LeftHand,3.87738,0.175,8.854591,4.551743,0
RightHand,4.043233,1.340038,9.216352,4.565796,1
LeftHand,3.877795,0.175,8.854799,4.565796,0
RightHand,4.044476,1.340048,9.216498,4.57975,1
LeftHand,3.878201,0.175,8.854999,4.57975,0
RightHand,4.045237,1.340009,9.216743,4.593529,1
LeftHand,3.878597,0.175,8.855187,4.593529,0
RightHand,4.045976,1.339903,9.217031,4.607468,1
LeftHand,3.87894,0.175,8.855349,4.607468,0
RightHand,4.046564,1.339846,9.217275,4.6213,1
LeftHand,3.879291,0.175,8.85551,4.6213,0
RightHand,4.047565,1.339735,9.217493,4.635269,1
LeftHand,3.879561,0.175,8.855632,4.635269,0
RightHand,4.048411,1.339723,9.217628,4.649323,1
LeftHand,3.879844,0.175,8.855758,4.649323,0
RightHand,4.049233,1.339645,9.217715,4.663231,1
LeftHand,3.880078,0.175,8.85586,4.663231,0
RightHand,4.049896,1.339615,9.217783,4.677231,1
LeftHand,3.880288,0.175,8.85595,4.677231,0
RightHand,4.050808,1.339648,9.217931,4.691437,1
LeftHand,3.880458,0.175,8.856024,4.691437,0
RightHand,4.051387,1.339622,9.218114,4.705223,1
LeftHand,3.880625,0.175,8.856093,4.705223,0
RightHand,4.051982,1.339574,9.218345,4.719002,1
LeftHand,3.880766,0.175,8.856153,4.719002,0
RightHand,4.052965,1.339524,9.218548,4.732727,1
LeftHand,3.880914,0.175,8.856215,4.732727,0
RightHand,4.054452,1.339489,9.218778,4.746902,1
LeftHand,3.881031,0.175,8.856262,4.746902,0
RightHand,4.055117,1.339456,9.218944,4.760796,1
LeftHand,3.881134,0.175,8.856304,4.760796,0
RightHand,4.055982,1.339414,9.219114,4.774658,1
LeftHand,3.881218,0.175,8.856339,4.774658,0
RightHand,4.056775,1.33942,9.219248,4.788551,1
LeftHand,3.881293,0.175,8.856369,4.788551,0
RightHand,4.058151,1.339425,9.219429,4.802498,1
LeftHand,3.881346,0.175,8.85639,4.802498,0
RightHand,4.058599,1.339381,9.219597,4.816414,1
LeftHand,3.881407,0.175,8.856415,4.816414,0
RightHand,4.059801,1.339201,9.219873,4.830536,1
LeftHand,3.881436,0.175,8.856426,4.830536,0
RightHand,4.060747,1.339133,9.220056,4.844322,1
LeftHand,3.881477,0.175,8.856442,4.844322,0
RightHand,4.061473,1.339208,9.220105,4.858337,1
LeftHand,3.881503,0.175,8.856453,4.858337,0
RightHand,4.062647,1.339257,9.220201,4.872231,1
LeftHand,3.881519,0.175,8.85646,4.872231,0
RightHand,4.063422,1.339241,9.220359,4.886353,1
LeftHand,3.881532,0.175,8.856464,4.886353,0
RightHand,4.064169,1.339181,9.220533,4.900017,1
LeftHand,3.881525,0.175,8.856462,4.900017,0
RightHand,4.064849,1.339206,9.220646,4.914291,1
LeftHand,3.88147,0.175,8.856441,4.914291,0
RightHand,4.065752,1.339161,9.220725,4.927925,1
LeftHand,3.881378,0.175,8.856403,4.927925,0
RightHand,4.066682,1.33912,9.220757,4.941681,1
LeftHand,3.88116,0.175,8.856315,4.941681,0
RightHand,4.06708,1.339049,9.220737,4.955864,1
LeftHand,3.880841,0.175,8.856184,4.955864,0
RightHand,4.06712,1.339032,9.22061,4.969482,1
LeftHand,3.880372,0.175,8.855987,4.969482,0
RightHand,4.066895,1.338986,9.220412,4.983826,1
LeftHand,3.879748,0.175,8.855716,4.983826,0
RightHand,4.06667,1.338918,9.220126,4.997757,1
LeftHand,3.878928,0.175,8.855343,4.997757,0
RightHand,4.066521,1.338798,9.219862,5.011642,1
LeftHand,3.878135,0.175,8.854966,5.011642,0
RightHand,4.066197,1.338745,9.219419,5.025253,1
LeftHand,3.877125,0.175,8.854461,5.025253,0
RightHand,4.065434,1.338776,9.218864,5.039238,1
LeftHand,3.876133,0.175,8.853936,5.039238,0
RightHand,4.065107,1.338762,9.218207,5.053337,1
LeftHand,3.874926,0.175,8.853259,5.053337,0
RightHand,4.064269,1.338694,9.217607,5.067345,1
LeftHand,3.873796,0.175,8.852584,5.067345,0
RightHand,4.063379,1.338627,9.216838,5.081001,1
LeftHand,3.872484,0.175,8.851748,5.081001,0
RightHand,4.062652,1.338609,9.216056,5.094894,1
LeftHand,3.871338,0.175,8.850969,5.094894,0
RightHand,4.062527,1.338628,9.215227,5.109795,1
LeftHand,3.870235,0.175,8.850175,5.109795,0
RightHand,4.062225,1.338676,9.214426,5.12265,1
LeftHand,3.869218,0.175,8.849401,5.12265,0
RightHand,4.061664,1.338617,9.213647,5.136444,1
LeftHand,3.868163,0.175,8.848555,5.136444,0
RightHand,4.0615,1.338577,9.212924,5.150475,1
LeftHand,3.867206,0.175,8.847744,5.150475,0
RightHand,4.061605,1.338561,9.212309,5.164345,1
LeftHand,3.866395,0.175,8.847024,5.164345,0
RightHand,4.061756,1.338597,9.21174,5.178848,1
LeftHand,3.865692,0.175,8.846373,5.178848,0
RightHand,4.061989,1.338665,9.211255,5.192162,1
LeftHand,3.86513,0.175,8.845835,5.192162,0
RightHand,4.062261,1.338735,9.210823,5.206573,1
LeftHand,3.864635,0.175,8.845345,5.206573,0
RightHand,4.062329,1.338685,9.210501,5.220474,1
LeftHand,3.864217,0.175,8.844922,5.220474,0
RightHand,4.062287,1.338598,9.210209,5.234093,1
LeftHand,3.863858,0.175,8.844551,5.234093,0
RightHand,4.062615,1.338546,9.21,5.247643,1
LeftHand,3.86358,0.175,8.844258,5.247643,0
RightHand,4.063172,1.33856,9.209854,5.261688,1
LeftHand,3.863378,0.175,8.844042,5.261688,0
RightHand,4.063998,1.338597,9.209836,5.276459,1
LeftHand,3.863306,0.175,8.843965,5.276459,0
RightHand,4.064688,1.338619,9.209742,5.290771,1
LeftHand,3.863261,0.175,8.843916,5.290771,0
RightHand,4.064885,1.338564,9.209614,5.303658,1
LeftHand,3.863151,0.175,8.843797,5.303658,0
RightHand,4.065218,1.338506,9.209504,5.316978,1
LeftHand,3.863084,0.175,8.843723,5.316978,0
RightHand,4.065651,1.338467,9.209445,5.330574,1
LeftHand,3.863084,0.175,8.843722,5.330574,0
RightHand,4.066003,1.338492,9.209337,5.344719,1
LeftHand,3.863092,0.175,8.843732,5.344719,0
RightHand,4.066338,1.338491,9.209276,5.358276,1
LeftHand,3.863137,0.175,8.843781,5.358276,0
RightHand,4.066593,1.33845,9.20932,5.372749,1
LeftHand,3.863216,0.175,8.843867,5.372749,0
RightHand,4.067057,1.338405,9.209314,5.386345,1
LeftHand,3.863277,0.175,8.843933,5.386345,0
RightHand,4.067531,1.338398,9.209287,5.400108,1
LeftHand,3.863327,0.175,8.843987,5.400108,0
RightHand,4.067858,1.338357,9.209298,5.414063,1
LeftHand,3.863362,0.175,8.844025,5.414063,0
RightHand,4.068223,1.338339,9.209333,5.428185,1
LeftHand,3.863425,0.175,8.844092,5.428185,0
RightHand,4.068577,1.338372,9.209416,5.442123,1
LeftHand,3.863533,0.175,8.844208,5.442123,0
RightHand,4.06891,1.338337,9.20958,5.455917,1
LeftHand,3.863665,0.175,8.844348,5.455917,0
RightHand,4.069536,1.338228,9.209791,5.470306,1
LeftHand,3.863837,0.175,8.844529,5.470306,0
RightHand,4.070075,1.338217,9.209962,5.483849,1
LeftHand,3.864033,0.175,8.844733,5.483849,0
RightHand,4.070883,1.338286,9.210141,5.497787,1
LeftHand,3.864305,0.175,8.845013,5.497787,0
RightHand,4.07146,1.338323,9.210496,5.511818,1
LeftHand,3.864695,0.175,8.845406,5.511818,0
RightHand,4.072304,1.338327,9.21101,5.526329,1
LeftHand,3.865217,0.175,8.845919,5.526329,0
RightHand,4.073452,1.338296,9.211563,5.540184,1
LeftHand,3.865791,0.175,8.846465,5.540184,0
RightHand,4.075171,1.33825,9.21223,5.553535,1
LeftHand,3.866443,0.175,8.847067,5.553535,0
RightHand,4.076811,1.338288,9.212944,5.567329,1
LeftHand,3.867173,0.175,8.847715,5.567329,0
RightHand,4.078819,1.33834,9.213862,5.581291,1
LeftHand,3.868092,0.175,8.848495,5.581291,0
RightHand,4.080371,1.338334,9.214758,5.595299,1
LeftHand,3.869051,0.175,8.849271,5.595299,0
RightHand,4.081767,1.338274,9.215696,5.609169,1
LeftHand,3.870122,0.175,8.850091,5.609169,0
RightHand,4.083133,1.338217,9.216554,5.623062,1
LeftHand,3.871218,0.175,8.850885,5.623062,0
RightHand,4.084861,1.33818,9.217404,5.637245,1
LeftHand,3.872388,0.175,8.851685,5.637245,0
RightHand,4.086736,1.338144,9.218183,5.652084,1
LeftHand,3.873549,0.175,8.852431,5.652084,0
RightHand,4.088392,1.338093,9.218878,5.665161,1
LeftHand,3.874682,0.175,8.853117,5.665161,0
RightHand,4.08992,1.338033,9.219562,5.678787,1
LeftHand,3.875804,0.175,8.853756,5.678787,0
RightHand,4.091278,1.337996,9.220204,5.692741,1
LeftHand,3.876887,0.175,8.854338,5.692741,0
RightHand,4.0931,1.337835,9.220809,5.70668,1
LeftHand,3.87788,0.175,8.854841,5.70668,0
RightHand,4.094615,1.337746,9.221289,5.720596,1
LeftHand,3.878824,0.175,8.855295,5.720596,0
RightHand,4.095757,1.337643,9.221671,5.734612,1
LeftHand,3.879623,0.175,8.855659,5.734612,0
RightHand,4.096745,1.337587,9.221972,5.748947,1
LeftHand,3.880336,0.175,8.855971,5.748947,0
RightHand,4.097836,1.337411,9.222227,5.762512,1
LeftHand,3.881001,0.175,8.85625,5.762512,0
RightHand,4.098851,1.337262,9.222476,5.776428,1
LeftHand,3.8816,0.175,8.856492,5.776428,0
RightHand,4.099708,1.337034,9.222684,5.790543,1
LeftHand,3.882133,0.175,8.856699,5.790543,0
RightHand,4.100845,1.336713,9.222912,5.804337,1
LeftHand,3.882605,0.175,8.856877,5.804337,0
RightHand,4.101877,1.336488,9.22314,5.818512,1
LeftHand,3.88306,0.175,8.857043,5.818512,0
RightHand,4.102844,1.336237,9.223313,5.833115,1
LeftHand,3.883309,0.175,8.857132,5.833115,0
RightHand,4.103366,1.336162,9.223426,5.846786,1
LeftHand,3.883608,0.175,8.857237,5.846786,0
RightHand,4.10357,1.336064,9.223594,5.860008,1
LeftHand,3.883881,0.175,8.857331,5.860008,0
RightHand,4.104046,1.335808,9.223819,5.87365,1
LeftHand,3.884132,0.175,8.857415,5.87365,0
RightHand,4.104609,1.335538,9.224072,5.887665,1
LeftHand,3.884367,0.175,8.857493,5.887665,0
RightHand,4.105135,1.335307,9.224299,5.901985,1
LeftHand,3.88457,0.175,8.85756,5.901985,0
RightHand,4.105567,1.335086,9.224499,5.915878,1
LeftHand,3.884758,0.175,8.85762,5.915878,0
RightHand,4.105906,1.334829,9.224654,5.929977,1
LeftHand,3.884892,0.175,8.857663,5.929977,0
RightHand,4.106271,1.334444,9.224841,5.943466,1
LeftHand,3.885036,0.175,8.857709,5.943466,0
RightHand,4.106504,1.33398,9.22504,5.957458,1
LeftHand,3.885126,0.175,8.857737,5.957458,0
RightHand,4.106662,1.333661,9.225166,5.971329,1
LeftHand,3.885183,0.175,8.857755,5.971329,0
RightHand,4.106889,1.333322,9.225288,5.985641,1
LeftHand,3.88525,0.175,8.857775,5.985641,0
RightHand,4.107,1.332938,9.225393,5.999413,1
LeftHand,3.885327,0.175,8.857799,5.999413,0
RightHand,4.107034,1.3323,9.225551,6.013298,1
LeftHand,3.8854,0.175,8.857821,6.013298,0
RightHand,4.107151,1.331852,9.225696,6.02742,1
LeftHand,3.88546,0.175,8.85784,6.02742,0
RightHand,4.10722,1.331615,9.225773,6.040977,1
LeftHand,3.885501,0.175,8.857852,6.040977,0
RightHand,4.107229,1.331284,9.225861,6.055077,1
LeftHand,3.885526,0.175,8.85786,6.055077,0
RightHand,4.107092,1.3308,9.225952,6.068741,1
LeftHand,3.885533,0.175,8.857862,6.068741,0
RightHand,4.10682,1.330254,9.226029,6.083145,1
LeftHand,3.885529,0.175,8.857861,6.083145,0
RightHand,4.106543,1.329727,9.226117,6.096825,1
LeftHand,3.88552,0.175,8.857858,6.096825,0
RightHand,4.106343,1.329216,9.226248,6.110535,1
LeftHand,3.885501,0.175,8.857852,6.110535,0
RightHand,4.106277,1.328823,9.22642,6.124352,1
LeftHand,3.88547,0.175,8.857842,6.124352,0
RightHand,4.106218,1.328569,9.226518,6.138359,1
LeftHand,3.885442,0.175,8.857834,6.138359,0
RightHand,4.10589,1.327876,9.226749,6.152733,1
LeftHand,3.885399,0.175,8.857821,6.152733,0
RightHand,4.105489,1.327209,9.226962,6.166557,1
LeftHand,3.885367,0.175,8.857811,6.166557,0
RightHand,4.104661,1.326087,9.227283,6.180244,1
LeftHand,3.88532,0.175,8.857797,6.180244,0
RightHand,4.104214,1.325527,9.227415,6.194061,1
LeftHand,3.88527,0.175,8.857781,6.194061,0
RightHand,4.10392,1.325155,9.22749,6.208305,1
LeftHand,3.885228,0.175,8.857769,6.208305,0
RightHand,4.103637,1.324806,9.227588,6.222389,1
LeftHand,3.885197,0.175,8.857759,6.222389,0
RightHand,4.103183,1.324202,9.22779,6.235893,1
LeftHand,3.885179,0.175,8.857754,6.235893,0
RightHand,4.10273,1.323515,9.228086,6.249657,1
LeftHand,3.885153,0.175,8.857745,6.249657,0
RightHand,4.102155,1.322812,9.228356,6.264015,1
LeftHand,3.885131,0.175,8.857738,6.264015,0
RightHand,4.101648,1.322122,9.228608,6.27771,1
LeftHand,3.88512,0.175,8.857735,6.27771,0
RightHand,4.101305,1.32136,9.228902,6.291603,1
LeftHand,3.885102,0.175,8.857729,6.291603,0
RightHand,4.101088,1.320911,9.229064,6.305717,1
LeftHand,3.88508,0.175,8.857722,6.305717,0
RightHand,4.100644,1.320185,9.229311,6.319763,1
LeftHand,3.885064,0.175,8.857718,6.319763,0
RightHand,4.099891,1.319237,9.229602,6.333954,1
LeftHand,3.885042,0.175,8.857711,6.333954,0
RightHand,4.099184,1.31837,9.229836,6.347412,1
LeftHand,3.885026,0.175,8.857705,6.347412,0
RightHand,4.098674,1.317569,9.230087,6.361519,1
LeftHand,3.885006,0.175,8.857699,6.361519,0
RightHand,4.098429,1.317152,9.230234,6.375221,1
LeftHand,3.884978,0.175,8.857691,6.375221,0
RightHand,4.098111,1.31665,9.230382,6.389252,1
LeftHand,3.884961,0.175,8.857685,6.389252,0
RightHand,4.097533,1.315849,9.230625,6.403252,1
LeftHand,3.884944,0.175,8.857679,6.403252,0
RightHand,4.096468,1.314608,9.230973,6.417244,1
LeftHand,3.884933,0.175,8.857677,6.417244,0
RightHand,4.095531,1.313271,9.23139,6.431007,1
LeftHand,3.884922,0.175,8.857673,6.431007,0
RightHand,4.095404,1.31284,9.231527,6.445068,1
LeftHand,3.884921,0.175,8.857673,6.445068,0
RightHand,4.095469,1.312648,9.231595,6.458916,1
LeftHand,3.884906,0.175,8.857668,6.458916,0
RightHand,4.094935,1.311803,9.231816,6.473396,1
LeftHand,3.884908,0.175,8.857668,6.473396,0
RightHand,4.094342,1.31082,9.232104,6.486832,1
LeftHand,3.884885,0.175,8.857661,6.486832,0
RightHand,4.093841,1.309961,9.232345,6.500847,1
LeftHand,3.884876,0.175,8.857658,6.500847,0
RightHand,4.093119,1.308614,9.232703,6.514473,1
LeftHand,3.884868,0.175,8.857656,6.514473,0
RightHand,4.093015,1.308157,9.232826,6.528542,1
LeftHand,3.884846,0.175,8.857649,6.528542,0
RightHand,4.092979,1.307744,9.232946,6.542381,1
LeftHand,3.88483,0.175,8.857643,6.542381,0
RightHand,4.092613,1.30709,9.233118,6.55629,1
LeftHand,3.884806,0.175,8.857636,6.55629,0
RightHand,4.091919,1.305602,9.233579,6.57019,1
LeftHand,3.884781,0.175,8.857628,6.57019,0
RightHand,4.09167,1.30505,9.233752,6.584175,1
LeftHand,3.884755,0.175,8.857619,6.584175,0
RightHand,4.091517,1.304609,9.233892,6.598244,1
LeftHand,3.884731,0.175,8.857612,6.598244,0
RightHand,4.091446,1.304219,9.234023,6.612015,1
LeftHand,3.884713,0.175,8.857606,6.612015,0
RightHand,4.091195,1.303429,9.234233,6.626625,1
LeftHand,3.884704,0.175,8.857603,6.626625,0
RightHand,4.090798,1.30221,9.234582,6.639961,1
LeftHand,3.884713,0.175,8.857606,6.639961,0
RightHand,4.090305,1.301056,9.23485,6.653801,1
LeftHand,3.884712,0.175,8.857606,6.653801,0
RightHand,4.089822,1.300099,9.235031,6.667641,1
LeftHand,3.884706,0.175,8.857604,6.667641,0
RightHand,4.089625,1.299388,9.235192,6.681503,1
LeftHand,3.884704,0.175,8.857603,6.681503,0
RightHand,4.089637,1.298869,9.235364,6.695679,1
LeftHand,3.884698,0.175,8.857601,6.695679,0
RightHand,4.089552,1.298026,9.23566,6.709633,1
LeftHand,3.884703,0.175,8.857603,6.709633,0
RightHand,4.089453,1.297549,9.23582,6.723312,1
LeftHand,3.884722,0.175,8.857609,6.723312,0
RightHand,4.089227,1.296675,9.236103,6.737267,1
LeftHand,3.884743,0.175,8.857615,6.737267,0
RightHand,4.088759,1.295688,9.236369,6.751099,1
LeftHand,3.884768,0.175,8.857624,6.751099,0
RightHand,4.08837,1.29495,9.236544,6.765274,1
LeftHand,3.884779,0.175,8.857627,6.765274,0
RightHand,4.088329,1.294759,9.236591,6.779449,1
LeftHand,3.884785,0.175,8.857629,6.779449,0
RightHand,4.08839,1.2947,9.236635,6.793129,1
LeftHand,3.884787,0.175,8.85763,6.793129,0
RightHand,4.088189,1.294187,9.236777,6.8069,1
LeftHand,3.884784,0.175,8.857629,6.8069,0
RightHand,4.087875,1.293567,9.23694,6.821129,1
LeftHand,3.884785,0.175,8.85763,6.821129,0
RightHand,4.087642,1.293112,9.237075,6.834991,1
LeftHand,3.88479,0.175,8.857631,6.834991,0
RightHand,4.087591,1.293002,9.237141,6.848587,1
LeftHand,3.884773,0.175,8.857626,6.848587,0
RightHand,4.087624,1.293056,9.237164,6.862572,1
LeftHand,3.884762,0.175,8.857622,6.862572,0
RightHand,4.087554,1.29298,9.237205,6.876602,1
LeftHand,3.88475,0.175,8.857618,6.876602,0
RightHand,4.087436,1.292832,9.237263,6.890472,1
LeftHand,3.884753,0.175,8.857619,6.890472,0
RightHand,4.087182,1.292613,9.237325,6.904892,1
LeftHand,3.884764,0.175,8.857622,6.904892,0
RightHand,4.086926,1.292521,9.237319,6.918747,1
LeftHand,3.884769,0.175,8.857624,6.918747,0
RightHand,4.086642,1.292507,9.237262,6.932137,1
LeftHand,3.884778,0.175,8.857627,6.932137,0
RightHand,4.086443,1.29254,9.2372,6.945984,1
LeftHand,3.884789,0.175,8.857631,6.945984,0
RightHand,4.086189,1.292631,9.237123,6.960098,1
LeftHand,3.8848,0.175,8.857635,6.960098,0
RightHand,4.085936,1.292772,9.237028,6.973846,1
LeftHand,3.884813,0.175,8.857638,6.973846,0
RightHand,4.085359,1.293029,9.236814,6.987709,1
LeftHand,3.88482,0.175,8.85764,6.987709,0
RightHand,4.084959,1.293236,9.236647,7.001595,1
LeftHand,3.884833,0.175,8.857644,7.001595,0
RightHand,4.084298,1.293678,9.236353,7.015732,1
LeftHand,3.884838,0.175,8.857646,7.015732,0
RightHand,4.083991,1.294021,9.236164,7.0299,1
LeftHand,3.884854,0.175,8.857651,7.0299,0
RightHand,4.083254,1.294758,9.235736,7.043465,1
LeftHand,3.88486,0.175,8.857654,7.043465,0
RightHand,4.082702,1.295339,9.235444,7.05761,1
LeftHand,3.884863,0.175,8.857655,7.05761,0
RightHand,4.081993,1.295949,9.23515,7.071594,1
LeftHand,3.884867,0.175,8.857656,7.071594,0
RightHand,4.08112,1.296651,9.234782,7.085365,1
LeftHand,3.884867,0.175,8.857656,7.085365,0
RightHand,4.080228,1.297389,9.234415,7.099876,1
LeftHand,3.884863,0.175,8.857654,7.099876,0
RightHand,4.079494,1.298101,9.234048,7.113571,1
LeftHand,3.884849,0.175,8.85765,7.113571,0
RightHand,4.078656,1.29886,9.233647,7.126892,1
LeftHand,3.88483,0.175,8.857643,7.126892,0
RightHand,4.077714,1.299608,9.233224,7.140823,1
LeftHand,3.8848,0.175,8.857634,7.140823,0
RightHand,4.076797,1.300375,9.232821,7.155144,1
LeftHand,3.884778,0.175,8.857627,7.155144,0
RightHand,4.076086,1.301257,9.232391,7.168861,1
LeftHand,3.884753,0.175,8.857619,7.168861,0
RightHand,4.074871,1.302268,9.231816,7.182732,1
LeftHand,3.884725,0.175,8.85761,7.182732,0
RightHand,4.073443,1.303349,9.231153,7.196617,1
LeftHand,3.884718,0.175,8.857608,7.196617,0
RightHand,4.072113,1.304481,9.230424,7.210648,1
LeftHand,3.884713,0.175,8.857606,7.210648,0
RightHand,4.071199,1.305242,9.229963,7.224907,1
LeftHand,3.884705,0.175,8.857603,7.224907,0
RightHand,4.070555,1.305975,9.229576,7.238625,1
LeftHand,3.884705,0.175,8.857603,7.238625,0
RightHand,4.070519,1.3063,9.229481,7.252396,1
LeftHand,3.884712,0.175,8.857606,7.252396,0
RightHand,4.069461,1.307402,9.228878,7.266548,1
LeftHand,3.884711,0.175,8.857606,7.266548,0
RightHand,4.068096,1.308506,9.228193,7.280533,1
LeftHand,3.884709,0.175,8.857605,7.280533,0
RightHand,4.066957,1.309374,9.227642,7.294518,1
LeftHand,3.884717,0.175,8.857608,7.294518,0
RightHand,4.06646,1.309915,9.227352,7.308022,1
LeftHand,3.884718,0.175,8.857608,7.308022,0
RightHand,4.066224,1.310313,9.227229,7.322304,1
LeftHand,3.884718,0.175,8.857608,7.322304,0
RightHand,4.065708,1.310835,9.226992,7.335915,1
LeftHand,3.884717,0.175,8.857608,7.335915,0
RightHand,4.064945,1.311284,9.226726,7.350182,1
LeftHand,3.884706,0.175,8.857604,7.350182,0
RightHand,4.063894,1.311903,9.226287,7.364067,1
LeftHand,3.884704,0.175,8.857603,7.364067,0
RightHand,4.062864,1.312602,9.22577,7.377861,1
LeftHand,3.8847,0.175,8.857602,7.377861,0
RightHand,4.062758,1.31274,9.2257,7.3918,1
LeftHand,3.884706,0.175,8.857604,7.3918,0
RightHand,4.062671,1.313028,9.22562,7.405899,1
LeftHand,3.884717,0.175,8.857608,7.405899,0
RightHand,4.062148,1.313433,9.22544,7.419708,1
LeftHand,3.884715,0.175,8.857607,7.419708,0
RightHand,4.061551,1.313761,9.225288,7.433472,1
LeftHand,3.884709,0.175,8.857605,7.433472,0
RightHand,4.061054,1.314017,9.225193,7.447495,1
LeftHand,3.884722,0.175,8.857609,7.447495,0
RightHand,4.060448,1.314457,9.224982,7.461296,1
LeftHand,3.884734,0.175,8.857613,7.461296,0
RightHand,4.05984,1.315045,9.224714,7.475159,1
LeftHand,3.884737,0.175,8.857614,7.475159,0
RightHand,4.059348,1.31559,9.224504,7.489243,1
LeftHand,3.884736,0.175,8.857614,7.489243,0
RightHand,4.059033,1.315821,9.224483,7.502899,1
LeftHand,3.884738,0.175,8.857615,7.502899,0
RightHand,4.058745,1.315908,9.22446,7.516678,1
LeftHand,3.884742,0.175,8.857615,7.516678,0
RightHand,4.057927,1.3163,9.224261,7.531212,1
LeftHand,3.884745,0.175,8.857616,7.531212,0
RightHand,4.057482,1.316539,9.224157,7.545036,1
LeftHand,3.88475,0.175,8.857618,7.545036,0
RightHand,4.057461,1.316672,9.224147,7.558823,1
LeftHand,3.884747,0.175,8.857617,7.558823,0
RightHand,4.057025,1.317067,9.223995,7.572624,1
LeftHand,3.884741,0.175,8.857615,7.572624,0
RightHand,4.056577,1.317348,9.223882,7.586494,1
LeftHand,3.884738,0.175,8.857615,7.586494,0
RightHand,4.055964,1.317631,9.223738,7.600685,1
LeftHand,3.884743,0.175,8.857615,7.600685,0
RightHand,4.055786,1.31772,9.223712,7.614296,1
LeftHand,3.884738,0.175,8.857615,7.614296,0
RightHand,4.055797,1.317809,9.223706,7.62809,1
LeftHand,3.884745,0.175,8.857616,7.62809,0
RightHand,4.055473,1.31826,9.2235,7.641983,1
LeftHand,3.88475,0.175,8.857618,7.641983,0
RightHand,4.055206,1.318702,9.223287,7.65593,1
LeftHand,3.884755,0.175,8.857619,7.65593,0
RightHand,4.054967,1.318929,9.223175,7.670242,1
LeftHand,3.884766,0.175,8.857623,7.670242,0
RightHand,4.054564,1.31922,9.222994,7.684288,1
LeftHand,3.884791,0.175,8.857631,7.684288,0
RightHand,4.054223,1.319397,9.222893,7.697685,1
LeftHand,3.884807,0.175,8.857636,7.697685,0
RightHand,4.054326,1.319509,9.222925,7.711655,1
LeftHand,3.884817,0.175,8.857639,7.711655,0
RightHand,4.054258,1.319808,9.222821,7.726051,1
LeftHand,3.884821,0.175,8.857641,7.726051,0
RightHand,4.054134,1.319972,9.222739,7.739525,1
LeftHand,3.88483,0.175,8.857643,7.739525,0
RightHand,4.05373,1.320303,9.222498,7.753502,1
LeftHand,3.884841,0.175,8.857647,7.753502,0
RightHand,4.0533,1.320557,9.222276,7.767815,1
LeftHand,3.884864,0.175,8.857655,7.767815,0
RightHand,4.053212,1.320687,9.222196,7.781235,1
LeftHand,3.884867,0.175,8.857656,7.781235,0
RightHand,4.053216,1.320767,9.222157,7.79538,1
LeftHand,3.884873,0.175,8.857657,7.79538,0
RightHand,4.053112,1.320968,9.222007,7.809235,1
LeftHand,3.884873,0.175,8.857657,7.809235,0
RightHand,4.05284,1.321226,9.221763,7.823059,1
LeftHand,3.884877,0.175,8.857658,7.823059,0
RightHand,4.052599,1.321384,9.221608,7.837059,1
LeftHand,3.884883,0.175,8.85766,7.837059,0
RightHand,4.052519,1.321442,9.221607,7.851044,1
LeftHand,3.884888,0.175,8.857662,7.851044,0
RightHand,4.05254,1.321471,9.221624,7.864891,1
LeftHand,3.88489,0.175,8.857662,7.864891,0
RightHand,4.052574,1.32177,9.221461,7.879211,1
LeftHand,3.884899,0.175,8.857666,7.879211,0
RightHand,4.052689,1.321915,9.221412,7.892982,1
LeftHand,3.884903,0.175,8.857667,7.892982,0
RightHand,4.052786,1.322044,9.221377,7.906761,1
LeftHand,3.884904,0.175,8.857667,7.906761,0
RightHand,4.052756,1.322088,9.221371,7.920731,1
LeftHand,3.884904,0.175,8.857667,7.920731,0
RightHand,4.052691,1.322218,9.221272,7.93454,1
LeftHand,3.884905,0.175,8.857668,7.93454,0
RightHand,4.052642,1.322277,9.221206,7.948486,1
LeftHand,3.884915,0.175,8.857671,7.948486,0
RightHand,4.052642,1.322319,9.221167,7.962196,1
LeftHand,3.884917,0.175,8.857671,7.962196,0
RightHand,4.052598,1.322398,9.221044,7.976196,1
LeftHand,3.884914,0.175,8.85767,7.976196,0
RightHand,4.052504,1.322457,9.220903,7.990402,1
LeftHand,3.88492,0.175,8.857673,7.990402,0
RightHand,4.052342,1.322508,9.220713,8.004547,1
LeftHand,3.884913,0.175,8.85767,8.004547,0
RightHand,4.052101,1.322525,9.22048,8.018646,1
LeftHand,3.884915,0.175,8.857671,8.018646,0
RightHand,4.051988,1.322564,9.220299,8.032463,1
LeftHand,3.884915,0.175,8.857671,8.032463,0
RightHand,4.052109,1.322634,9.22022,8.045868,1
LeftHand,3.884913,0.175,8.85767,8.045868,0
RightHand,4.052151,1.322688,9.220121,8.05999,1
LeftHand,3.884904,0.175,8.857667,8.05999,0
RightHand,4.052227,1.322749,9.219995,8.073944,1
LeftHand,3.884899,0.175,8.857665,8.073944,0
RightHand,4.052327,1.322857,9.219799,8.087463,1
LeftHand,3.884891,0.175,8.857663,8.087463,0
RightHand,4.052388,1.322963,9.219591,8.101364,1
LeftHand,3.884881,0.175,8.857659,8.101364,0
RightHand,4.052429,1.323275,9.218963,8.115486,1
LeftHand,3.884896,0.175,8.857664,8.115486,0
RightHand,4.052482,1.323575,9.218321,8.129677,1
LeftHand,3.8849,0.175,8.857666,8.129677,0
RightHand,4.05249,1.323589,9.218083,8.144043,1
LeftHand,3.8849,0.175,8.857666,8.144043,0
RightHand,4.052641,1.323586,9.217998,8.157532,1
LeftHand,3.8849,0.175,8.857666,8.157532,0
RightHand,4.052988,1.3236,9.218013,8.171257,1
LeftHand,3.884893,0.175,8.857663,8.171257,0
RightHand,4.054072,1.323765,9.217462,8.185417,1
LeftHand,3.884897,0.175,8.857665,8.185417,0
RightHand,4.054996,1.323874,9.21699,8.198952,1
LeftHand,3.884889,0.175,8.857662,8.198952,0
RightHand,4.054832,1.323957,9.216826,8.212883,1
LeftHand,3.884889,0.175,8.857662,8.212883,0
RightHand,4.054885,1.323943,9.216508,8.227066,1
LeftHand,3.884892,0.175,8.857663,8.227066,0
RightHand,4.055289,1.323858,9.216537,8.241127,0
LeftHand,3.884892,0.175,8.857663,8.241127,0
RightHand,4.057175,1.323785,9.215716,8.255035,0
LeftHand,3.884889,0.175,8.857662,8.255035,0
RightHand,4.057822,1.323732,9.215414,8.268494,0
LeftHand,3.884881,0.175,8.857659,8.268494,0
RightHand,4.057655,1.323922,9.214405,8.282455,0
LeftHand,3.884867,0.175,8.857656,8.282455,0
RightHand,4.057843,1.323665,9.21509,8.296288,0
LeftHand,3.884866,0.175,8.857655,8.296288,0
RightHand,4.058844,1.323314,9.214761,8.311058,0
LeftHand,3.884862,0.175,8.857654,8.311058,0
RightHand,4.05925,1.323122,9.214776,8.324371,0
LeftHand,3.884853,0.175,8.857651,8.324371,0
RightHand,4.060473,1.322683,9.21465,8.338211,0
LeftHand,3.884852,0.175,8.857651,8.338211,0
RightHand,4.061512,1.322225,9.214624,8.352051,0
LeftHand,3.884872,0.175,8.857656,8.352051,0
RightHand,4.063124,1.321456,9.214737,8.366051,0
LeftHand,3.884879,0.175,8.857659,8.366051,0
RightHand,4.064364,1.320763,9.215009,8.379837,0
LeftHand,3.884875,0.175,8.857657,8.379837,0
RightHand,4.065036,1.320148,9.215344,8.393478,0
LeftHand,3.884887,0.175,8.857661,8.393478,0
RightHand,4.066252,1.319209,9.215855,8.407486,0
LeftHand,3.884907,0.175,8.857668,8.407486,0
RightHand,4.068602,1.317534,9.21682,8.421509,0
LeftHand,3.884906,0.175,8.857668,8.421509,0
RightHand,4.070014,1.316275,9.217771,8.435608,0
LeftHand,3.884912,0.175,8.85767,8.435608,0
RightHand,4.071457,1.315234,9.218744,8.449463,0
LeftHand,3.88491,0.175,8.857669,8.449463,0
RightHand,4.07279,1.314053,9.219755,8.463501,0
LeftHand,3.884909,0.175,8.857669,8.463501,0
RightHand,4.073678,1.312883,9.220688,8.477371,0
LeftHand,3.884918,0.175,8.857672,8.477371,0
RightHand,4.074768,1.311686,9.221709,8.491821,0
LeftHand,3.884938,0.175,8.857677,8.491821,0
RightHand,4.075625,1.310475,9.222588,8.505363,0
LeftHand,3.884946,0.175,8.85768,8.505363,0
RightHand,4.075839,1.309159,9.223334,8.51918,0
LeftHand,3.884958,0.175,8.857684,8.51918,0
RightHand,4.076205,1.307776,9.224061,8.53289,0
LeftHand,3.884976,0.175,8.85769,8.53289,0
RightHand,4.07685,1.306648,9.224642,8.546928,0
LeftHand,3.88499,0.175,8.857695,8.546928,0
RightHand,4.077408,1.305611,9.225172,8.560883,0
LeftHand,3.885011,0.175,8.8577,8.560883,0
RightHand,4.077689,1.304655,9.225651,8.574654,0
LeftHand,3.885034,0.175,8.857708,8.574654,0
RightHand,4.078058,1.303911,9.226108,8.588928,0
LeftHand,3.885061,0.175,8.857717,8.588928,0
RightHand,4.077833,1.3041,9.226003,8.602737,0
LeftHand,3.885078,0.175,8.857722,8.602737,0
RightHand,4.078092,1.303278,9.226483,8.616829,0
LeftHand,3.885103,0.175,8.85773,8.616829,0
RightHand,4.078614,1.303067,9.226706,8.630554,0
LeftHand,3.885126,0.175,8.857737,8.630554,0
RightHand,4.07932,1.302585,9.227093,8.6446,0
LeftHand,3.88514,0.175,8.857741,8.6446,0
RightHand,4.079667,1.302658,9.227178,8.658318,0
LeftHand,3.885153,0.175,8.857745,8.658318,0
RightHand,4.079689,1.302873,9.227083,8.672401,0
LeftHand,3.885167,0.175,8.85775,8.672401,0
RightHand,4.07974,1.302833,9.227111,8.685974,0
LeftHand,3.885181,0.175,8.857754,8.685974,0
RightHand,4.080479,1.302457,9.227383,8.700485,0
LeftHand,3.885195,0.175,8.857759,8.700485,0
RightHand,4.081544,1.302519,9.227528,8.713852,0
LeftHand,3.885198,0.175,8.857759,8.713852,0
RightHand,4.082015,1.302662,9.227568,8.727669,0
LeftHand,3.885214,0.175,8.857764,8.727669,0
RightHand,4.081882,1.30278,9.227587,8.742157,0
LeftHand,3.885221,0.175,8.857766,8.742157,0
RightHand,4.081489,1.302843,9.22756,8.755943,0
LeftHand,3.885246,0.175,8.857774,8.755943,0
RightHand,4.081533,1.302885,9.227563,8.769554,0
LeftHand,3.885276,0.175,8.857783,8.769554,0
RightHand,4.081675,1.303243,9.227247,8.783783,0
LeftHand,3.885297,0.175,8.85779,8.783783,0
RightHand,4.08188,1.303823,9.226788,8.797386,0
LeftHand,3.885322,0.175,8.857798,8.797386,0
RightHand,4.082119,1.303727,9.226872,8.811394,0
LeftHand,3.885336,0.175,8.857801,8.811394,0
RightHand,4.082162,1.303564,9.227076,8.825218,0
LeftHand,3.885366,0.175,8.857811,8.825218,0
RightHand,4.082151,1.303479,9.22717,8.839516,0
LeftHand,3.885405,0.175,8.857822,8.839516,0
RightHand,4.082169,1.303334,9.227259,8.853111,0
LeftHand,3.885427,0.175,8.857829,8.853111,0
RightHand,4.082199,1.303225,9.22735,8.867004,0
LeftHand,3.885435,0.175,8.857832,8.867004,0
RightHand,4.082276,1.303199,9.22742,8.881104,0
LeftHand,3.885453,0.175,8.857838,8.881104,0
RightHand,4.082337,1.303111,9.227497,8.894791,0
LeftHand,3.885472,0.175,8.857843,8.894791,0
RightHand,4.082336,1.303054,9.227558,8.908798,0
LeftHand,3.885478,0.175,8.857845,8.908798,0
RightHand,4.082274,1.302968,9.227635,8.922707,0
LeftHand,3.885467,0.175,8.857841,8.922707,0
RightHand,4.082303,1.302953,9.227684,8.936729,0
LeftHand,3.885458,0.175,8.85784,8.936729,0
RightHand,4.082351,1.302951,9.22777,8.95079,0
LeftHand,3.885452,0.175,8.857837,8.95079,0
RightHand,4.082326,1.303025,9.227788,8.964485,0
LeftHand,3.88542,0.175,8.857827,8.964485,0
RightHand,4.082219,1.303053,9.22783,8.978462,0
LeftHand,3.885408,0.175,8.857823,8.978462,0
RightHand,4.081956,1.303035,9.227873,8.992371,0
LeftHand,3.88539,0.175,8.857819,8.992371,0
RightHand,4.081772,1.302981,9.227925,9.006401,0
LeftHand,3.88537,0.175,8.857812,9.006401,0
RightHand,4.081614,1.302946,9.22797,9.020134,0
LeftHand,3.885344,0.175,8.857804,9.020134,0
RightHand,4.081652,1.302955,9.228015,9.03437,0
LeftHand,3.885311,0.175,8.857794,9.03437,0
RightHand,4.081609,1.302953,9.22808,9.047981,0
LeftHand,3.885289,0.175,8.857787,9.047981,0
RightHand,4.081516,1.302934,9.228171,9.061974,0
LeftHand,3.885273,0.175,8.857782,9.061974,0
RightHand,4.08146,1.302911,9.228237,9.076027,0
LeftHand,3.885268,0.175,8.85778,9.076027,0
RightHand,4.081434,1.302888,9.228317,9.090279,1
LeftHand,3.88525,0.175,8.857776,9.090279,0
RightHand,4.081406,1.302847,9.228405,9.103981,1
LeftHand,3.885232,0.175,8.85777,9.103981,0
RightHand,4.081401,1.302805,9.228513,9.118126,1
LeftHand,3.885213,0.175,8.857764,9.118126,0
RightHand,4.0814,1.302764,9.228586,9.131859,1
LeftHand,3.885206,0.175,8.857761,9.131859,0
RightHand,4.081244,1.302602,9.228739,9.145798,1
LeftHand,3.885191,0.175,8.857758,9.145798,0
RightHand,4.08103,1.302364,9.228887,9.159889,1
LeftHand,3.885187,0.175,8.857756,9.159889,0
RightHand,4.080997,1.302145,9.229043,9.173347,1
LeftHand,3.885179,0.175,8.857753,9.173347,0
RightHand,4.081073,1.302032,9.229136,9.187462,1
LeftHand,3.885164,0.175,8.857749,9.187462,0
RightHand,4.0811,1.301943,9.229186,9.201218,1
LeftHand,3.885141,0.175,8.857741,9.201218,0
RightHand,4.08113,1.301788,9.229278,9.215569,1
LeftHand,3.885133,0.175,8.857738,9.215569,0
RightHand,4.081063,1.301401,9.229469,9.229164,1
LeftHand,3.885117,0.175,8.857734,9.229164,0
RightHand,4.081041,1.301043,9.229662,9.243004,1
LeftHand,3.885109,0.175,8.857732,9.243004,0
RightHand,4.080994,1.300912,9.229703,9.256813,1
LeftHand,3.885091,0.175,8.857726,9.256813,0
RightHand,4.080939,1.300676,9.229786,9.270988,1
LeftHand,3.885073,0.175,8.85772,9.270988,0
RightHand,4.080907,1.300507,9.229837,9.284981,1
LeftHand,3.885062,0.175,8.857717,9.284981,0
RightHand,4.080896,1.30032,9.229915,9.298698,1
LeftHand,3.885053,0.175,8.857714,9.298698,0
RightHand,4.080847,1.300048,9.230009,9.312569,1
LeftHand,3.885036,0.175,8.857709,9.312569,0
RightHand,4.08078,1.299671,9.230132,9.326538,1
LeftHand,3.885023,0.175,8.857705,9.326538,0
RightHand,4.080665,1.2993,9.230243,9.341034,1
LeftHand,3.885006,0.175,8.857699,9.341034,0
RightHand,4.080636,1.299008,9.230367,9.354431,1
LeftHand,3.885003,0.175,8.857698,9.354431,0
RightHand,4.080594,1.29872,9.230489,9.368439,1
LeftHand,3.884986,0.175,8.857693,9.368439,0
RightHand,4.080568,1.298408,9.230639,9.382393,1
LeftHand,3.884987,0.175,8.857694,9.382393,0
RightHand,4.080524,1.298081,9.230792,9.396423,1
LeftHand,3.884986,0.175,8.857693,9.396423,0
RightHand,4.080402,1.297535,9.231051,9.410286,1
LeftHand,3.884987,0.175,8.857694,9.410286,0
RightHand,4.080208,1.296988,9.23129,9.424271,1
LeftHand,3.884991,0.175,8.857695,9.424271,0
RightHand,4.080041,1.296759,9.231362,9.438492,1
LeftHand,3.884993,0.175,8.857696,9.438492,0
RightHand,4.079824,1.2964,9.231477,9.452148,1
LeftHand,3.885,0.175,8.857697,9.452148,0
RightHand,4.079192,1.295604,9.231708,9.466003,1
LeftHand,3.885015,0.175,8.857702,9.466003,0
RightHand,4.078831,1.295139,9.231827,9.479729,1
LeftHand,3.88503,0.175,8.857707,9.479729,0
RightHand,4.078539,1.294545,9.232041,9.493996,1
LeftHand,3.885038,0.175,8.857709,9.493996,0
RightHand,4.078349,1.294105,9.23222,9.50779,1
LeftHand,3.885038,0.175,8.857709,9.50779,0
RightHand,4.078211,1.293741,9.232359,9.52166,1
LeftHand,3.885038,0.175,8.857709,9.52166,0
RightHand,4.077997,1.293336,9.232509,9.535583,1
LeftHand,3.885034,0.175,8.857708,9.535583,0
RightHand,4.077574,1.292714,9.232709,9.549713,1
LeftHand,3.885039,0.175,8.85771,9.549713,0
RightHand,4.076951,1.2918,9.233001,9.563408,1
LeftHand,3.885049,0.175,8.857713,9.563408,0
RightHand,4.076621,1.291052,9.23328,9.577507,1
LeftHand,3.885062,0.175,8.857717,9.577507,0
RightHand,4.076598,1.290671,9.233424,9.591866,1
LeftHand,3.885064,0.175,8.857718,9.591866,0
RightHand,4.076293,1.289899,9.233709,9.605347,1
LeftHand,3.885069,0.175,8.857719,9.605347,0
RightHand,4.075886,1.289248,9.233923,9.619057,1
LeftHand,3.885074,0.175,8.85772,9.619057,0
RightHand,4.075389,1.288461,9.234201,9.63308,1
LeftHand,3.885079,0.175,8.857722,9.63308,0
RightHand,4.075021,1.287671,9.234517,9.647049,1
LeftHand,3.885081,0.175,8.857723,9.647049,0
RightHand,4.074929,1.287205,9.234727,9.660889,1
LeftHand,3.885064,0.175,8.857718,9.660889,0
RightHand,4.074732,1.286551,9.234998,9.674721,1
LeftHand,3.885051,0.175,8.857713,9.674721,0
RightHand,4.074503,1.285585,9.235383,9.688858,1
LeftHand,3.885033,0.175,8.857708,9.688858,0
RightHand,4.074307,1.28509,9.235529,9.703033,1
LeftHand,3.885016,0.175,8.857702,9.703033,0
RightHand,4.073903,1.284188,9.235829,9.716934,1
LeftHand,3.885001,0.175,8.857697,9.716934,0
RightHand,4.073554,1.283441,9.236084,9.730576,1
LeftHand,3.884982,0.175,8.857692,9.730576,0
RightHand,4.073241,1.282774,9.236295,9.74453,1
LeftHand,3.884959,0.175,8.857684,9.74453,0
RightHand,4.073044,1.282149,9.2365,9.758598,1
LeftHand,3.884943,0.175,8.857679,9.758598,0
RightHand,4.072934,1.281465,9.236739,9.772316,1
LeftHand,3.884934,0.175,8.857677,9.772316,0
RightHand,4.072754,1.280842,9.236939,9.786362,1
LeftHand,3.884925,0.175,8.857674,9.786362,0
RightHand,4.072417,1.279873,9.237253,9.800064,1
LeftHand,3.884923,0.175,8.857674,9.800064,0
RightHand,4.072199,1.279164,9.237508,9.814133,1
LeftHand,3.884934,0.175,8.857677,9.814133,0
RightHand,4.071959,1.278175,9.237902,9.828041,1
LeftHand,3.88495,0.175,8.857681,9.828041,0
RightHand,4.071701,1.277256,9.238215,9.841827,1
LeftHand,3.884959,0.175,8.857684,9.841827,0
RightHand,4.071614,1.276816,9.238358,9.855606,1
LeftHand,3.884965,0.175,8.857686,9.855606,0
RightHand,4.071583,1.27637,9.238505,9.872772,1
LeftHand,3.884967,0.175,8.857687,9.872772,0
RightHand,4.071535,1.275989,9.238624,9.887177,1
LeftHand,3.884969,0.175,8.857688,9.887177,0
RightHand,4.071291,1.275217,9.238853,9.901794,1
LeftHand,3.884958,0.175,8.857684,9.901794,0
RightHand,4.071217,1.274787,9.238997,9.916176,1
LeftHand,3.88495,0.175,8.857681,9.916176,0
RightHand,4.071011,1.273743,9.239342,9.930115,1
LeftHand,3.884941,0.175,8.857678,9.930115,0
RightHand,4.070802,1.272743,9.239641,9.944641,1
LeftHand,3.884938,0.175,8.857677,9.944641,0
RightHand,4.070549,1.271893,9.239838,9.960106,1
LeftHand,3.884948,0.175,8.857681,9.960106,0
RightHand,4.07032,1.271143,9.240009,9.974022,1
LeftHand,3.884945,0.175,8.85768,9.974022,0
RightHand,4.070046,1.270223,9.240192,9.987999,1
LeftHand,3.884949,0.175,8.857681,9.987999,0
RightHand,4.069896,1.26968,9.240295,10.0024,1
LeftHand,3.884943,0.175,8.857679,10.0024,0
RightHand,4.069965,1.269391,9.240404,10.01671,1
LeftHand,3.884947,0.175,8.85768,10.01671,0
RightHand,4.07007,1.268906,9.240625,10.03115,1
LeftHand,3.884953,0.175,8.857683,10.03115,0
RightHand,4.070097,1.268435,9.24083,10.04549,1
LeftHand,3.884964,0.175,8.857686,10.04549,0
RightHand,4.06996,1.268006,9.24096,10.0602,1
LeftHand,3.884966,0.175,8.857687,10.0602,0
RightHand,4.069904,1.267706,9.241051,10.07424,1
LeftHand,3.884966,0.175,8.857686,10.07424,0
RightHand,4.069785,1.267216,9.241167,10.08831,1
LeftHand,3.884963,0.175,8.857686,10.08831,0
RightHand,4.069557,1.266458,9.241323,10.10236,1
LeftHand,3.884954,0.175,8.857683,10.10236,0
RightHand,4.069366,1.266056,9.241359,10.11653,1
LeftHand,3.884952,0.175,8.857682,10.11653,0
RightHand,4.069405,1.266156,9.241327,10.13071,1
LeftHand,3.884941,0.175,8.857678,10.13071,0
RightHand,4.069408,1.266048,9.24136,10.14478,1
LeftHand,3.884922,0.175,8.857673,10.14478,0
RightHand,4.069407,1.265851,9.241439,10.15877,1
LeftHand,3.884919,0.175,8.857672,10.15877,0
RightHand,4.069376,1.265682,9.241507,10.17298,1
LeftHand,3.884922,0.175,8.857673,10.17298,0
RightHand,4.069333,1.265385,9.241611,10.18655,1
LeftHand,3.884938,0.175,8.857677,10.18655,0
RightHand,4.069313,1.265227,9.241655,10.20037,1
LeftHand,3.884946,0.175,8.85768,10.20037,0
RightHand,4.069401,1.265011,9.241764,10.21503,1
LeftHand,3.884953,0.175,8.857682,10.21503,0
RightHand,4.069537,1.26497,9.241833,10.22855,1
LeftHand,3.884969,0.175,8.857688,10.22855,0
RightHand,4.069538,1.264992,9.241844,10.24243,1
LeftHand,3.884976,0.175,8.85769,10.24243,0
RightHand,4.06959,1.264987,9.241891,10.25646,1
LeftHand,3.884996,0.175,8.857697,10.25646,0
RightHand,4.069648,1.265005,9.241926,10.2704,1
LeftHand,3.884998,0.175,8.857697,10.2704,0
RightHand,4.069906,1.265099,9.241976,10.28429,1
LeftHand,3.884993,0.175,8.857696,10.28429,0
RightHand,4.070282,1.265261,9.242018,10.29841,1
LeftHand,3.884982,0.175,8.857692,10.29841,0
RightHand,4.070489,1.265395,9.242024,10.31249,1
LeftHand,3.884977,0.175,8.85769,10.31249,0
RightHand,4.070625,1.26546,9.24203,10.32633,1
LeftHand,3.884974,0.175,8.857689,10.32633,0
RightHand,4.070742,1.26552,9.242031,10.34032,1
LeftHand,3.884977,0.175,8.85769,10.34032,0
RightHand,4.070972,1.26565,9.242018,10.35472,1
LeftHand,3.884968,0.175,8.857687,10.35472,0
RightHand,4.071616,1.265977,9.241972,10.36827,1
LeftHand,3.884962,0.175,8.857685,10.36827,0
RightHand,4.072398,1.266312,9.241965,10.38216,1
LeftHand,3.88495,0.175,8.857681,10.38216,0
RightHand,4.072941,1.266531,9.241977,10.3962,1
LeftHand,3.884948,0.175,8.857681,10.3962,0
RightHand,4.073414,1.266828,9.241929,10.41048,1
LeftHand,3.884948,0.175,8.857681,10.41048,0
RightHand,4.073692,1.266968,9.241927,10.42419,1
LeftHand,3.884954,0.175,8.857683,10.42419,0
RightHand,4.073998,1.267066,9.241931,10.43819,1
LeftHand,3.884959,0.175,8.857684,10.43819,0
RightHand,4.075002,1.267421,9.24191,10.45209,1
LeftHand,3.884972,0.175,8.857689,10.45209,0
RightHand,4.075802,1.267776,9.241841,10.46615,1
LeftHand,3.88497,0.175,8.857688,10.46615,0
RightHand,4.076335,1.268044,9.241781,10.48,1
LeftHand,3.884964,0.175,8.857686,10.48,0
RightHand,4.076816,1.268281,9.241721,10.49388,1
LeftHand,3.884966,0.175,8.857687,10.49388,0
RightHand,4.07705,1.268362,9.241705,10.50796,1
LeftHand,3.884957,0.175,8.857684,10.50796,0
RightHand,4.077479,1.268495,9.241681,10.52197,1
LeftHand,3.88495,0.175,8.857681,10.52197,0
RightHand,4.078443,1.268746,9.241655,10.53581,1
LeftHand,3.884944,0.175,8.857679,10.53581,0
RightHand,4.079648,1.269084,9.241617,10.54966,1
LeftHand,3.884939,0.175,8.857678,10.54966,0
RightHand,4.080777,1.269357,9.241599,10.56366,1
LeftHand,3.884928,0.175,8.857675,10.56366,0
RightHand,4.081165,1.269415,9.241613,10.57753,1
LeftHand,3.884936,0.175,8.857677,10.57753,0
RightHand,4.081536,1.269417,9.241632,10.59158,1
LeftHand,3.884944,0.175,8.857679,10.59158,0
RightHand,4.082154,1.269493,9.241596,10.60555,1
LeftHand,3.884953,0.175,8.857682,10.60555,0
RightHand,4.083066,1.269647,9.241523,10.61948,1
LeftHand,3.884965,0.175,8.857686,10.61948,0
RightHand,4.084154,1.269857,9.241414,10.63336,1
LeftHand,3.884976,0.175,8.85769,10.63336,0
RightHand,4.084975,1.269996,9.241332,10.64742,1
LeftHand,3.884979,0.175,8.857691,10.64742,0
RightHand,4.085711,1.269992,9.241329,10.66108,1
LeftHand,3.884981,0.175,8.857692,10.66108,0
RightHand,4.086634,1.2701,9.241259,10.67522,1
LeftHand,3.884995,0.175,8.857696,10.67522,0
RightHand,4.087448,1.270019,9.241298,10.68932,1
LeftHand,3.885007,0.175,8.857699,10.68932,0
RightHand,4.08826,1.270051,9.241271,10.70302,1
LeftHand,3.88502,0.175,8.857703,10.70302,0
RightHand,4.089014,1.270103,9.241238,10.71696,1
LeftHand,3.885041,0.175,8.85771,10.71696,0
RightHand,4.089774,1.270214,9.241164,10.73141,1
LeftHand,3.885046,0.175,8.857712,10.73141,0
RightHand,4.090367,1.270268,9.241134,10.74545,1
LeftHand,3.885054,0.175,8.857715,10.74545,0
RightHand,4.091007,1.270174,9.241204,10.7599,1
LeftHand,3.885051,0.175,8.857714,10.7599,0
RightHand,4.091611,1.270093,9.24128,10.77287,1
LeftHand,3.885048,0.175,8.857713,10.77287,0
RightHand,4.093111,1.269712,9.241568,10.78687,1
LeftHand,3.885044,0.175,8.857711,10.78687,0
RightHand,4.094098,1.269653,9.241714,10.8011,1
LeftHand,3.885042,0.175,8.857711,10.8011,0
RightHand,4.094531,1.269701,9.241755,10.81448,1
LeftHand,3.885033,0.175,8.857708,10.81448,0
RightHand,4.094804,1.269863,9.241705,10.82841,1
LeftHand,3.885031,0.175,8.857707,10.82841,0
RightHand,4.095035,1.26987,9.241714,10.84245,1
LeftHand,3.885023,0.175,8.857705,10.84245,0
RightHand,4.095343,1.269748,9.241802,10.85584,1
LeftHand,3.885028,0.175,8.857706,10.85584,0
RightHand,4.096202,1.269449,9.242012,10.86977,1
LeftHand,3.885024,0.175,8.857705,10.86977,0
RightHand,4.097303,1.26927,9.242189,10.88382,1
LeftHand,3.885033,0.175,8.857708,10.88382,0
RightHand,4.097787,1.269295,9.242213,10.89817,1
LeftHand,3.885046,0.175,8.857712,10.89817,0
RightHand,4.098097,1.269414,9.242168,10.91174,1
LeftHand,3.885059,0.175,8.857716,10.91174,0
RightHand,4.098336,1.26943,9.242169,10.92593,1
LeftHand,3.885077,0.175,8.857721,10.92593,0
RightHand,4.098424,1.269438,9.242169,10.93975,1
LeftHand,3.885096,0.175,8.857727,10.93975,0
RightHand,4.098792,1.26943,9.242153,10.95363,1
LeftHand,3.88511,0.175,8.857732,10.95363,0
RightHand,4.09948,1.269439,9.24212,10.96803,1
LeftHand,3.885112,0.175,8.857733,10.96803,0
RightHand,4.10028,1.269494,9.242114,10.98168,1
LeftHand,3.885112,0.175,8.857733,10.98168,0
RightHand,4.100891,1.269621,9.242106,10.99562,1
LeftHand,3.8851,0.175,8.857729,10.99562,0
RightHand,4.101055,1.269644,9.242122,11.00935,1
LeftHand,3.885096,0.175,8.857728,11.00935,0
RightHand,4.101226,1.269662,9.242117,11.02359,1
LeftHand,3.885102,0.175,8.857729,11.02359,0
RightHand,4.10146,1.269671,9.242115,11.03732,1
LeftHand,3.885106,0.175,8.857731,11.03732,0
RightHand,4.102273,1.269648,9.242093,11.05116,1
LeftHand,3.885104,0.175,8.85773,11.05116,0
RightHand,4.103036,1.26965,9.242057,11.06522,1
LeftHand,3.885093,0.175,8.857727,11.06522,0
RightHand,4.103943,1.269712,9.241998,11.07929,1
LeftHand,3.885077,0.175,8.857721,11.07929,0
RightHand,4.104186,1.26974,9.241975,11.09375,1
LeftHand,3.885089,0.175,8.857725,11.09375,0
RightHand,4.104705,1.269743,9.24196,11.1072,1
LeftHand,3.885102,0.175,8.857729,11.1072,0
RightHand,4.105306,1.269786,9.241907,11.1213,1
LeftHand,3.885115,0.175,8.857733,11.1213,0
RightHand,4.105967,1.26981,9.241859,11.13504,1
LeftHand,3.885119,0.175,8.857735,11.13504,0
RightHand,4.107435,1.269782,9.241814,11.14905,1
LeftHand,3.885126,0.175,8.857737,11.14905,0
RightHand,4.108374,1.269829,9.241764,11.16285,1
LeftHand,3.885128,0.175,8.857738,11.16285,0
RightHand,4.108852,1.269898,9.241703,11.17666,1
LeftHand,3.885139,0.175,8.85774,11.17666,0
RightHand,4.109388,1.269866,9.241696,11.1906,1
LeftHand,3.885133,0.175,8.857739,11.1906,0
RightHand,4.109684,1.269839,9.241707,11.20452,1
LeftHand,3.885127,0.175,8.857738,11.20452,0
RightHand,4.111107,1.269704,9.241736,11.21838,1
LeftHand,3.885114,0.175,8.857733,11.21838,0
RightHand,4.112524,1.269632,9.241747,11.23244,1
LeftHand,3.885107,0.175,8.857731,11.23244,0
RightHand,4.113431,1.269642,9.241665,11.24652,1
LeftHand,3.885105,0.175,8.857731,11.24652,0
RightHand,4.113588,1.269648,9.24159,11.26027,1
LeftHand,3.885113,0.175,8.857733,11.26027,0
RightHand,4.11396,1.269558,9.241558,11.27423,1
LeftHand,3.885123,0.175,8.857736,11.27423,0
RightHand,4.114576,1.269477,9.241539,11.28853,1
LeftHand,3.885133,0.175,8.857739,11.28853,0
RightHand,4.11578,1.269323,9.241509,11.3024,1
LeftHand,3.885145,0.175,8.857742,11.3024,0
RightHand,4.117052,1.269178,9.241492,11.31654,1
LeftHand,3.885163,0.175,8.857748,11.31654,0
RightHand,4.117931,1.26907,9.241477,11.33008,1
LeftHand,3.885193,0.175,8.857758,11.33008,0
RightHand,4.118447,1.269031,9.241446,11.34425,1
LeftHand,3.885225,0.175,8.857768,11.34425,0
RightHand,4.11899,1.269012,9.241405,11.35828,1
LeftHand,3.885237,0.175,8.857771,11.35828,0
RightHand,4.119455,1.268974,9.241405,11.37234,1
LeftHand,3.885244,0.175,8.857774,11.37234,0
RightHand,4.119925,1.268906,9.241411,11.38712,1
LeftHand,3.885262,0.175,8.857779,11.38712,0
RightHand,4.120254,1.268867,9.241399,11.3996,1
LeftHand,3.885268,0.175,8.85778,11.3996,0
RightHand,4.120789,1.268857,9.241363,11.41336,1
LeftHand,3.88528,0.175,8.857784,11.41336,0
RightHand,4.121274,1.268815,9.241361,11.427,1
LeftHand,3.885289,0.175,8.857787,11.427,0
RightHand,4.121234,1.268822,9.241374,11.44117,1
LeftHand,3.885306,0.175,8.857793,11.44117,0
RightHand,4.121296,1.268821,9.241377,11.45507,1
LeftHand,3.885313,0.175,8.857795,11.45507,0
RightHand,4.121612,1.268812,9.241373,11.46877,1
LeftHand,3.885313,0.175,8.857795,11.46877,0
RightHand,4.12184,1.268873,9.241371,11.48318,1
LeftHand,3.885323,0.175,8.857798,11.48318,0
RightHand,4.121967,1.268936,9.241377,11.49683,1
LeftHand,3.885332,0.175,8.8578,11.49683,0
RightHand,4.122069,1.269018,9.241379,11.51075,1
LeftHand,3.885342,0.175,8.857803,11.51075,0
RightHand,4.122145,1.269197,9.241365,11.52461,1
LeftHand,3.885355,0.175,8.857807,11.52461,0
RightHand,4.122122,1.269307,9.241352,11.53864,1
LeftHand,3.885363,0.175,8.85781,11.53864,0
RightHand,4.122004,1.26958,9.241294,11.55261,1
LeftHand,3.885383,0.175,8.857816,11.55261,0
RightHand,4.121837,1.26975,9.241247,11.56683,1
LeftHand,3.885387,0.175,8.857818,11.56683,0
RightHand,4.1215,1.270059,9.241138,11.58175,1
LeftHand,3.88539,0.175,8.857819,11.58175,0
RightHand,4.121196,1.270306,9.241047,11.5946,1
LeftHand,3.885402,0.175,8.857822,11.5946,0
RightHand,4.120987,1.270555,9.240968,11.6087,1
LeftHand,3.885418,0.175,8.857827,11.6087,0
RightHand,4.120642,1.271029,9.240807,11.6221,1
LeftHand,3.885439,0.175,8.857833,11.6221,0
RightHand,4.120278,1.27148,9.240648,11.63612,1
LeftHand,3.885455,0.175,8.857838,11.63612,0
RightHand,4.119774,1.272004,9.24046,11.64988,1
LeftHand,3.885454,0.175,8.857838,11.64988,0
RightHand,4.119092,1.272609,9.240243,11.66393,1
LeftHand,3.885468,0.175,8.857842,11.66393,0
RightHand,4.118593,1.273103,9.24006,11.67799,1
LeftHand,3.88546,0.175,8.85784,11.67799,0
RightHand,4.118027,1.273702,9.239841,11.69172,1
LeftHand,3.885456,0.175,8.857839,11.69172,0
RightHand,4.117598,1.274217,9.239662,11.70587,1
LeftHand,3.885448,0.175,8.857836,11.70587,0
RightHand,4.117069,1.27471,9.239508,11.7196,1
LeftHand,3.885428,0.175,8.85783,11.7196,0
RightHand,4.116476,1.275223,9.239349,11.7336,1
LeftHand,3.885432,0.175,8.857831,11.7336,0
RightHand,4.11583,1.275805,9.239145,11.7477,1
LeftHand,3.885442,0.175,8.857834,11.7477,0
RightHand,4.115227,1.276391,9.238908,11.76181,1
LeftHand,3.88545,0.175,8.857837,11.76181,0
RightHand,4.114711,1.276994,9.238653,11.77599,1
LeftHand,3.885445,0.175,8.857835,11.77599,0
RightHand,4.114137,1.277568,9.238425,11.78938,1
LeftHand,3.885439,0.175,8.857833,11.78938,0
RightHand,4.113243,1.278276,9.238148,11.80365,1
LeftHand,3.885445,0.175,8.857835,11.80365,0
RightHand,4.112639,1.278834,9.237976,11.81732,1
LeftHand,3.885449,0.175,8.857837,11.81732,0
RightHand,4.112237,1.27937,9.237836,11.83102,1
LeftHand,3.885463,0.175,8.857841,11.83102,0
RightHand,4.11184,1.280014,9.237658,11.84499,1
LeftHand,3.885465,0.175,8.857841,11.84499,0
RightHand,4.111432,1.280666,9.237459,11.85899,1
LeftHand,3.885466,0.175,8.857841,11.85899,0
RightHand,4.110824,1.281265,9.237242,11.8729,1
LeftHand,3.885456,0.175,8.857839,11.8729,0
RightHand,4.110107,1.28207,9.236913,11.88702,1
LeftHand,3.885436,0.175,8.857832,11.88702,0
RightHand,4.109337,1.282866,9.236565,11.90122,1
LeftHand,3.885431,0.175,8.857831,11.90122,0
RightHand,4.108626,1.283679,9.236212,11.91522,1
LeftHand,3.885411,0.175,8.857824,11.91522,0
RightHand,4.107955,1.284481,9.23588,11.92874,1
LeftHand,3.885412,0.175,8.857825,11.92874,0
RightHand,4.107376,1.28505,9.23563,11.94269,1
LeftHand,3.885396,0.175,8.857821,11.94269,0
RightHand,4.106544,1.285782,9.235295,11.95656,1
LeftHand,3.885377,0.175,8.857815,11.95656,0
RightHand,4.105997,1.286236,9.235101,11.97051,1
LeftHand,3.885373,0.175,8.857813,11.97051,0
RightHand,4.105734,1.286728,9.234939,11.98457,1
LeftHand,3.885373,0.175,8.857813,11.98457,0
RightHand,4.105075,1.287482,9.234655,11.99835,1
LeftHand,3.885382,0.175,8.857816,11.99835,0
RightHand,4.104437,1.288225,9.234344,12.0123,1
LeftHand,3.88539,0.175,8.857819,12.0123,0
RightHand,4.103969,1.288731,9.234148,12.02616,1
LeftHand,3.885408,0.175,8.857823,12.02616,0
RightHand,4.103245,1.289322,9.233879,12.04019,1
LeftHand,3.885421,0.175,8.857828,12.04019,0
RightHand,4.102774,1.289769,9.233643,12.05446,1
LeftHand,3.885449,0.175,8.857837,12.05446,0
RightHand,4.102248,1.29043,9.233297,12.06831,1
LeftHand,3.885462,0.175,8.857841,12.06831,0
RightHand,4.101873,1.290943,9.233039,12.08255,1
LeftHand,3.885478,0.175,8.857845,12.08255,0
RightHand,4.101299,1.29166,9.23268,12.09616,1
LeftHand,3.885481,0.175,8.857846,12.09616,0
RightHand,4.100598,1.292421,9.232277,12.10963,1
LeftHand,3.885482,0.175,8.857846,12.10963,0
RightHand,4.100301,1.292784,9.232088,12.12363,1
LeftHand,3.885471,0.175,8.857842,12.12363,0
RightHand,4.099977,1.293428,9.231778,12.13779,1
LeftHand,3.885456,0.175,8.857839,12.13779,0
RightHand,4.099748,1.293758,9.231633,12.15157,1
LeftHand,3.885435,0.175,8.857832,12.15157,0
RightHand,4.099414,1.294211,9.231432,12.16557,1
LeftHand,3.885415,0.175,8.857826,12.16557,0
RightHand,4.099253,1.294562,9.231301,12.1795,1
LeftHand,3.885398,0.175,8.857821,12.1795,0
RightHand,4.098836,1.295065,9.231041,12.19336,1
LeftHand,3.885381,0.175,8.857816,12.19336,0
RightHand,4.09861,1.295367,9.230881,12.20741,1
LeftHand,3.885376,0.175,8.857814,12.20741,0
RightHand,4.098467,1.295672,9.23075,12.22138,1
LeftHand,3.885369,0.175,8.857812,12.22138,0
RightHand,4.098346,1.296044,9.230619,12.23554,1
LeftHand,3.885369,0.175,8.857812,12.23554,0
RightHand,4.098218,1.296497,9.230463,12.24971,1
LeftHand,3.885362,0.175,8.85781,12.24971,0
RightHand,4.098069,1.297023,9.230287,12.26318,1
LeftHand,3.885368,0.175,8.857812,12.26318,0
RightHand,4.097903,1.297338,9.230162,12.27705,1
LeftHand,3.885373,0.175,8.857813,12.27705,0
RightHand,4.09767,1.297755,9.229989,12.29094,1
LeftHand,3.885385,0.175,8.857817,12.29094,0
RightHand,4.097426,1.298174,9.229761,12.3048,1
LeftHand,3.885395,0.175,8.85782,12.3048,0
RightHand,4.097347,1.298293,9.229668,12.31895,1
LeftHand,3.885403,0.175,8.857822,12.31895,0
RightHand,4.097206,1.298653,9.22945,12.33269,1
LeftHand,3.8854,0.175,8.857821,12.33269,0
RightHand,4.096974,1.299027,9.229205,12.34679,1
LeftHand,3.885405,0.175,8.857822,12.34679,0
RightHand,4.096789,1.299249,9.22905,12.36061,1
LeftHand,3.885407,0.175,8.857823,12.36061,0
RightHand,4.096616,1.299499,9.228884,12.37475,1
LeftHand,3.885413,0.175,8.857825,12.37475,0
RightHand,4.096618,1.299575,9.228832,12.38879,1
LeftHand,3.885418,0.175,8.857827,12.38879,0
RightHand,4.096478,1.29995,9.228591,12.40273,1
LeftHand,3.885415,0.175,8.857826,12.40273,0
RightHand,4.096392,1.30013,9.228477,12.41633,1
LeftHand,3.885414,0.175,8.857825,12.41633,0
RightHand,4.096272,1.300359,9.228345,12.43027,1
LeftHand,3.885425,0.175,8.857829,12.43027,0
RightHand,4.096018,1.300622,9.228165,12.44424,1
LeftHand,3.885428,0.175,8.85783,12.44424,0
RightHand,4.095828,1.300723,9.228079,12.4583,1
LeftHand,3.885443,0.175,8.857835,12.4583,0
RightHand,4.095846,1.300776,9.228048,12.47226,1
LeftHand,3.885451,0.175,8.857837,12.47226,0
RightHand,4.095781,1.300889,9.227959,12.48654,1
LeftHand,3.885446,0.175,8.857835,12.48654,0
RightHand,4.09573,1.30098,9.227892,12.50014,1
LeftHand,3.885445,0.175,8.857835,12.50014,0
RightHand,4.095676,1.301047,9.227851,12.51385,1
LeftHand,3.885447,0.175,8.857836,12.51385,0
RightHand,4.095588,1.301093,9.227823,12.52782,1
LeftHand,3.885445,0.175,8.857835,12.52782,0
RightHand,4.09555,1.301143,9.227839,12.54172,1
LeftHand,3.885453,0.175,8.857838,12.54172,0
RightHand,4.095609,1.301165,9.227901,12.55556,1
LeftHand,3.885448,0.175,8.857836,12.55556,0
RightHand,4.095708,1.301164,9.227993,12.56987,1
LeftHand,3.885443,0.175,8.857835,12.56987,0
RightHand,4.095778,1.301143,9.228068,12.58365,1
LeftHand,3.885436,0.175,8.857832,12.58365,0
RightHand,4.095825,1.301112,9.228126,12.59751,1
LeftHand,3.885433,0.175,8.857831,12.59751,0
RightHand,4.095834,1.30107,9.228169,12.61157,1
LeftHand,3.885427,0.175,8.857829,12.61157,0
RightHand,4.095743,1.300974,9.228176,12.62531,1
LeftHand,3.885423,0.175,8.857828,12.62531,0
RightHand,4.095678,1.300914,9.228148,12.63934,1
LeftHand,3.885426,0.175,8.857829,12.63934,0
RightHand,4.095655,1.300851,9.228113,12.65306,1
LeftHand,3.885428,0.175,8.85783,12.65306,0
RightHand,4.095702,1.300829,9.228111,12.66696,1
LeftHand,3.88543,0.175,8.85783,12.66696,0
RightHand,4.095958,1.300737,9.228098,12.68145,1
LeftHand,3.885428,0.175,8.85783,12.68145,0
RightHand,4.096846,1.300748,9.228096,12.6949,1
LeftHand,3.885428,0.175,8.85783,12.6949,0
RightHand,4.097214,1.300826,9.228125,12.70931,1
LeftHand,3.885442,0.175,8.857834,12.70931,0
RightHand,4.096992,1.300892,9.228048,12.72296,1
LeftHand,3.885462,0.175,8.857841,12.72296,0
RightHand,4.097192,1.301095,9.227797,12.73701,1
LeftHand,3.885497,0.175,8.857851,12.73701,0
RightHand,4.097308,1.301081,9.227697,12.75088,1
LeftHand,3.885509,0.175,8.857854,12.75088,0
RightHand,4.097663,1.30096,9.227591,12.76512,1
LeftHand,3.885523,0.175,8.857859,12.76512,0
RightHand,4.098077,1.300912,9.227636,12.77915,1
LeftHand,3.885525,0.175,8.85786,12.77915,0
RightHand,4.098475,1.30083,9.227742,12.79277,0
LeftHand,3.885553,0.175,8.857868,12.79277,0
RightHand,4.098645,1.300773,9.227773,12.80648,0
LeftHand,3.885565,0.175,8.857871,12.80648,0
RightHand,4.09902,1.300592,9.227806,12.82028,0
LeftHand,3.885588,0.175,8.857879,12.82028,0
RightHand,4.099328,1.300347,9.227844,12.83419,0
LeftHand,3.885607,0.175,8.857884,12.83419,0
RightHand,4.099734,1.299752,9.2279,12.84805,0
LeftHand,3.885644,0.175,8.857895,12.84805,0
RightHand,4.099907,1.299485,9.227927,12.86205,0
LeftHand,3.885665,0.175,8.857902,12.86205,0
RightHand,4.100524,1.299107,9.228057,12.87665,0
LeftHand,3.885693,0.175,8.857909,12.87665,0
RightHand,4.101319,1.298329,9.228271,12.89006,0
LeftHand,3.88571,0.175,8.857915,12.89006,0
RightHand,4.102203,1.297387,9.228567,12.90392,0
LeftHand,3.885743,0.175,8.857924,12.90392,0
RightHand,4.103133,1.296304,9.228982,12.91791,0
LeftHand,3.885793,0.175,8.85794,12.91791,0
RightHand,4.105057,1.294165,9.229927,12.93173,0
LeftHand,3.88584,0.175,8.857953,12.93173,0
RightHand,4.107177,1.291994,9.231009,12.94566,0
LeftHand,3.885881,0.175,8.857965,12.94566,0
RightHand,4.108806,1.290074,9.231969,12.95971,0
LeftHand,3.885939,0.175,8.857983,12.95971,0
RightHand,4.110166,1.28784,9.23294,12.97373,0
LeftHand,3.886024,0.175,8.858007,12.97373,0
RightHand,4.111618,1.285501,9.233896,12.98791,0
LeftHand,3.886113,0.175,8.858033,12.98791,0
RightHand,4.113577,1.282741,9.235022,13.00142,0
LeftHand,3.886202,0.175,8.858059,13.00142,0
RightHand,4.115408,1.279606,9.23612,13.01536,0
LeftHand,3.8863,0.175,8.858087,13.01536,0
RightHand,4.116934,1.27716,9.237026,13.0293,0
LeftHand,3.886384,0.175,8.85811,13.0293,0
RightHand,4.119243,1.2722,9.238393,13.04358,0
LeftHand,3.886509,0.175,8.858146,13.04358,0
RightHand,4.12093,1.267989,9.239628,13.05704,0
LeftHand,3.886614,0.175,8.858175,13.05704,0
RightHand,4.122238,1.262821,9.24099,13.071,0
LeftHand,3.886729,0.175,8.858207,13.071,0
RightHand,4.123724,1.258262,9.241957,13.08498,0
LeftHand,3.886831,0.175,8.858235,13.08498,0
RightHand,4.124923,1.253459,9.24265,13.09894,0
LeftHand,3.886936,0.175,8.858264,13.09894,0
RightHand,4.126006,1.248841,9.243078,13.11317,0
LeftHand,3.887054,0.175,8.858295,13.11317,0
RightHand,4.127022,1.244009,9.243467,13.12682,0
LeftHand,3.887151,0.175,8.858321,13.12682,0
RightHand,4.127954,1.238265,9.243962,13.14115,0
LeftHand,3.887251,0.175,8.858348,13.14115,0
RightHand,4.128949,1.232285,9.244362,13.15485,0
LeftHand,3.887348,0.175,8.858374,13.15485,0
RightHand,4.129509,1.226263,9.244578,13.16891,0
LeftHand,3.887431,0.175,8.858395,13.16891,0
RightHand,4.129945,1.220247,9.24457,13.18289,0
LeftHand,3.887517,0.175,8.858418,13.18289,0
RightHand,4.130311,1.214475,9.244517,13.19633,0
LeftHand,3.887595,0.175,8.858437,13.19633,0
RightHand,4.13065,1.209327,9.243933,13.21028,0
LeftHand,3.887685,0.175,8.85846,13.21028,0
RightHand,4.13127,1.204253,9.243212,13.2244,0
LeftHand,3.887796,0.175,8.858488,13.2244,0
RightHand,4.132011,1.19899,9.242507,13.23855,0
LeftHand,3.887896,0.175,8.858513,13.23855,0
RightHand,4.132162,1.193857,9.241907,13.25284,0
LeftHand,3.887972,0.175,8.858532,13.25284,0
RightHand,4.132195,1.188625,9.241599,13.2659,0
LeftHand,3.888027,0.175,8.858545,13.2659,0
RightHand,4.132723,1.183309,9.241583,13.27984,0
LeftHand,3.888099,0.175,8.858563,13.27984,0
RightHand,4.133583,1.178022,9.241763,13.2944,0
LeftHand,3.888196,0.175,8.858587,13.2944,0
RightHand,4.134245,1.172625,9.242014,13.30814,0
LeftHand,3.888304,0.175,8.858613,13.30814,0
RightHand,4.13472,1.16695,9.242217,13.32188,0
LeftHand,3.888404,0.175,8.858637,13.32188,0
RightHand,4.135391,1.161098,9.242458,13.33561,0
LeftHand,3.888498,0.175,8.85866,13.33561,0
RightHand,4.136368,1.154962,9.242828,13.34949,0
LeftHand,3.888581,0.175,8.858679,13.34949,0
RightHand,4.137472,1.149038,9.243232,13.36388,0
LeftHand,3.88864,0.175,8.858693,13.36388,0
RightHand,4.138227,1.143373,9.243635,13.37766,0
LeftHand,3.888662,0.175,8.858698,13.37766,0
RightHand,4.138463,1.137429,9.243968,13.39201,0
LeftHand,3.888712,0.175,8.858709,13.39201,0
RightHand,4.138563,1.13137,9.244325,13.40533,0
LeftHand,3.888768,0.175,8.858723,13.40533,0
RightHand,4.138785,1.125339,9.244597,13.41989,0
LeftHand,3.888817,0.175,8.858734,13.41989,0
RightHand,4.139385,1.119436,9.244799,13.43317,0
LeftHand,3.888843,0.175,8.85874,13.43317,0
RightHand,4.140215,1.113844,9.24483,13.4474,0
LeftHand,3.88888,0.175,8.858748,13.4474,0
RightHand,4.140583,1.108746,9.24478,13.4614,0
LeftHand,3.888897,0.175,8.858752,13.4614,0
RightHand,4.140322,1.104448,9.244508,13.4754,0
LeftHand,3.888919,0.175,8.858757,13.4754,0
RightHand,4.13966,1.100448,9.244191,13.48901,0
LeftHand,3.888937,0.175,8.858761,13.48901,0
RightHand,4.139317,1.09634,9.244023,13.5031,0
LeftHand,3.888956,0.175,8.858766,13.5031,0
RightHand,4.139381,1.092819,9.243896,13.51708,0
LeftHand,3.888971,0.175,8.858768,13.51708,0
RightHand,4.139807,1.08907,9.243856,13.53089,0
LeftHand,3.888992,0.175,8.858773,13.53089,0
RightHand,4.140599,1.085803,9.243948,13.54462,0
LeftHand,3.889009,0.175,8.858777,13.54462,0
RightHand,4.140606,1.083655,9.243913,13.5588,0
LeftHand,3.889009,0.175,8.858778,13.5588,0
RightHand,4.140089,1.081744,9.243828,13.57325,0
LeftHand,3.889027,0.175,8.858782,13.57325,0
RightHand,4.139913,1.080088,9.243952,13.58731,0
LeftHand,3.889047,0.175,8.858786,13.58731,0
RightHand,4.140259,1.079015,9.244298,13.6005,0
LeftHand,3.889063,0.175,8.858789,13.6005,0
RightHand,4.140841,1.078042,9.244716,13.61395,0
LeftHand,3.889092,0.175,8.858796,13.61395,0
RightHand,4.141296,1.077758,9.245217,13.62811,0
LeftHand,3.889121,0.175,8.858803,13.62811,0
RightHand,4.14137,1.077125,9.245545,13.64191,0
LeftHand,3.889148,0.175,8.858809,13.64191,0
RightHand,4.141376,1.076667,9.245664,13.65584,0
LeftHand,3.88917,0.175,8.858813,13.65584,0
RightHand,4.141185,1.078156,9.245464,13.67018,0
LeftHand,3.889188,0.175,8.858817,13.67018,0
RightHand,4.140668,1.079505,9.245112,13.68375,0
LeftHand,3.889184,0.175,8.858816,13.68375,0
RightHand,4.140239,1.079124,9.245193,13.69834,0
LeftHand,3.889181,0.175,8.858816,13.69834,0
RightHand,4.140238,1.07974,9.244996,13.71161,0
LeftHand,3.889166,0.175,8.858812,13.71161,0
RightHand,4.140149,1.079654,9.245153,13.72551,0
LeftHand,3.889162,0.175,8.858811,13.72551,0
RightHand,4.139917,1.079825,9.245273,13.73952,0
LeftHand,3.889159,0.175,8.858811,13.73952,0
RightHand,4.139452,1.08012,9.245281,13.75354,0
LeftHand,3.88914,0.175,8.858807,13.75354,0
RightHand,4.138466,1.080523,9.245275,13.76746,0
LeftHand,3.88913,0.175,8.858805,13.76746,0
RightHand,4.137221,1.080958,9.245148,13.78169,0
LeftHand,3.889118,0.175,8.858802,13.78169,0
RightHand,4.136679,1.081072,9.244993,13.79529,0
LeftHand,3.8891,0.175,8.858798,13.79529,0
RightHand,4.137335,1.081046,9.244993,13.80989,0
LeftHand,3.889081,0.175,8.858793,13.80989,0
RightHand,4.137498,1.081276,9.244945,13.8236,0
LeftHand,3.889071,0.175,8.858791,13.8236,0
RightHand,4.137212,1.081519,9.244837,13.83724,0
LeftHand,3.889062,0.175,8.858789,13.83724,0
RightHand,4.135947,1.081989,9.244548,13.85103,0
LeftHand,3.889056,0.175,8.858788,13.85103,0
RightHand,4.134128,1.082501,9.244076,13.86504,0
LeftHand,3.889046,0.175,8.858786,13.86504,0
RightHand,4.133419,1.082734,9.243794,13.87914,0
LeftHand,3.889049,0.175,8.858787,13.87914,0
RightHand,4.134865,1.082631,9.244012,13.89281,0
LeftHand,3.889029,0.175,8.858782,13.89281,0
RightHand,4.135508,1.082871,9.244037,13.90678,1
LeftHand,3.889013,0.175,8.858778,13.90678,0
RightHand,4.135564,1.083234,9.243963,13.92064,1
LeftHand,3.888997,0.175,8.858775,13.92064,0
RightHand,4.135046,1.083912,9.243694,13.93459,1
LeftHand,3.889006,0.175,8.858777,13.93459,0
RightHand,4.134562,1.084466,9.243506,13.94886,1
LeftHand,3.889019,0.175,8.85878,13.94886,0
RightHand,4.134582,1.084528,9.243509,13.96291,1
LeftHand,3.889014,0.175,8.858778,13.96291,0
RightHand,4.134992,1.084259,9.243649,13.97634,1
LeftHand,3.889002,0.175,8.858776,13.97634,0
RightHand,4.135434,1.084592,9.243658,13.99059,1
LeftHand,3.888979,0.175,8.85877,13.99059,0
RightHand,4.135834,1.085024,9.243649,14.00426,1
LeftHand,3.888967,0.175,8.858768,14.00426,0
RightHand,4.135688,1.085054,9.243625,14.01857,1
LeftHand,3.88897,0.175,8.858768,14.01857,0
RightHand,4.135639,1.086134,9.243383,14.0319,1
LeftHand,3.888949,0.175,8.858764,14.0319,0
RightHand,4.135494,1.086838,9.243155,14.04599,1
LeftHand,3.88895,0.175,8.858765,14.04599,0
